40
C4 x D10
1 2 4 2 5 4 2 2 4 20 10 5 4 4 2 2 20 20 10 5 4 4 2 2 20 20 10 5 4 4 2 2 20 20 \
10 4 4 2 20 4
0 1 8 3 27 12 6 7 2 38 34 19 5 20 14 15 33 32 26 11 13 28 22 23 25 24 18 4 21 \
35 30 31 17 16 10 29 39 37 9 36
0 1 2 3 4 5 6 7 8 9 10 11 12 13 14 15 16 17 18 19 20 21 22 23 24 25 26 27 28 2\
9 30 31 32 33 34 35 36 37 38 39
1 0 5 6 7 2 3 4 12 13 14 15 8 9 10 11 20 21 22 23 16 17 18 19 28 29 30 31 24 2\
5 26 27 35 36 37 32 33 34 39 38
2 5 3 8 9 6 12 13 0 10 16 17 1 14 20 21 4 18 24 25 7 22 28 29 11 26 32 33 15 3\
0 35 36 19 34 38 23 37 39 27 31
3 6 8 0 10 12 1 14 2 16 4 18 5 20 7 22 9 24 11 26 13 28 15 30 17 32 19 34 21 3\
5 23 37 25 38 27 29 39 31 33 36
4 31 9 10 11 36 37 1 16 17 18 19 39 5 6 7 24 25 26 27 12 13 14 15 32 33 34 0 2\
0 21 22 23 38 2 3 28 29 30 8 35
5 2 6 12 13 3 8 9 1 14 20 21 0 10 16 17 7 22 28 29 4 18 24 25 15 30 35 36 11 2\
6 32 33 23 37 39 19 34 38 31 27
6 3 12 1 14 8 0 10 5 20 7 22 2 16 4 18 13 28 15 30 9 24 11 26 21 35 23 37 17 3\
2 19 34 29 39 31 25 38 27 36 33
7 27 13 14 15 33 34 0 20 21 22 23 38 2 3 4 28 29 30 31 8 9 10 11 35 36 37 1 16\
 17 18 19 39 5 6 24 25 26 12 32
8 12 0 2 16 1 5 20 3 4 9 24 6 7 13 28 10 11 17 32 14 15 21 35 18 19 25 38 22 2\
3 29 39 26 27 33 30 31 36 34 37
9 36 10 16 17 37 39 5 4 18 24 25 31 6 12 13 11 26 32 33 1 14 20 21 19 34 38 2 \
7 22 28 29 27 3 8 15 30 35 0 23
10 37 16 4 18 39 31 6 9 24 11 26 36 12 1 14 17 32 19 34 5 20 7 22 25 38 27 3 1\
3 28 15 30 33 8 0 21 35 23 2 29
11 23 17 18 19 29 30 31 24 25 26 27 35 36 37 1 32 33 34 0 39 5 6 7 38 2 3 4 12\
 13 14 15 8 9 10 20 21 22 16 28
12 8 1 5 20 0 2 16 6 7 13 28 3 4 9 24 14 15 21 35 10 11 17 32 22 23 29 39 18 1\
9 25 38 30 31 36 26 27 33 37 34
13 33 14 20 21 34 38 2 7 22 28 29 27 3 8 9 15 30 35 36 0 10 16 17 23 37 39 5 4\
 18 24 25 31 6 12 11 26 32 1 19
14 34 20 7 22 38 27 3 13 28 15 30 33 8 0 10 21 35 23 37 2 16 4 18 29 39 31 6 9\
 24 11 26 36 12 1 17 32 19 5 25
15 19 21 22 23 25 26 27 28 29 30 31 32 33 34 0 35 36 37 1 38 2 3 4 39 5 6 7 8 \
9 10 11 12 13 14 16 17 18 20 24
16 39 4 9 24 31 36 12 10 11 17 32 37 1 5 20 18 19 25 38 6 7 13 28 26 27 33 8 1\
4 15 21 35 34 0 2 22 23 29 3 30
17 29 18 24 25 30 35 36 11 26 32 33 23 37 39 5 19 34 38 2 31 6 12 13 27 3 8 9 \
1 14 20 21 0 10 16 7 22 28 4 15
18 30 24 11 26 35 23 37 17 32 19 34 29 39 31 6 25 38 27 3 36 12 1 14 33 8 0 10\
 5 20 7 22 2 16 4 13 28 15 9 21
19 15 25 26 27 21 22 23 32 33 34 0 28 29 30 31 38 2 3 4 35 36 37 1 8 9 10 11 3\
9 5 6 7 16 17 18 12 13 14 24 20
20 38 7 13 28 27 33 8 14 15 21 35 34 0 2 16 22 23 29 39 3 4 9 24 30 31 36 12 1\
0 11 17 32 37 1 5 18 19 25 6 26
21 25 22 28 29 26 32 33 15 30 35 36 19 34 38 2 23 37 39 5 27 3 8 9 31 6 12 13 \
0 10 16 17 1 14 20 4 18 24 7 11
22 26 28 15 30 32 19 34 21 35 23 37 25 38 27 3 29 39 31 6 33 8 0 10 36 12 1 14\
 2 16 4 18 5 20 7 9 24 11 13 17
23 11 29 30 31 17 18 19 35 36 37 1 24 25 26 27 39 5 6 7 32 33 34 0 12 13 14 15\
 38 2 3 4 20 21 22 8 9 10 28 16
24 35 11 17 32 23 29 39 18 19 25 38 30 31 36 12 26 27 33 8 37 1 5 20 34 0 2 16\
 6 7 13 28 3 4 9 14 15 21 10 22
25 21 26 32 33 22 28 29 19 34 38 2 15 30 35 36 27 3 8 9 23 37 39 5 0 10 16 17 \
31 6 12 13 4 18 24 1 14 20 11 7
26 22 32 19 34 28 15 30 25 38 27 3 21 35 23 37 33 8 0 10 29 39 31 6 2 16 4 18 \
36 12 1 14 9 24 11 5 20 7 17 13
27 7 33 34 0 13 14 15 38 2 3 4 20 21 22 23 8 9 10 11 28 29 30 31 16 17 18 19 3\
5 36 37 1 24 25 26 39 5 6 32 12
28 32 15 21 35 19 25 38 22 23 29 39 26 27 33 8 30 31 36 12 34 0 2 16 37 1 5 20\
 3 4 9 24 6 7 13 10 11 17 14 18
29 17 30 35 36 18 24 25 23 37 39 5 11 26 32 33 31 6 12 13 19 34 38 2 1 14 20 2\
1 27 3 8 9 7 22 28 0 10 16 15 4
30 18 35 23 37 24 11 26 29 39 31 6 17 32 19 34 36 12 1 14 25 38 27 3 5 20 7 22\
 33 8 0 10 13 28 15 2 16 4 21 9
31 4 36 37 1 9 10 11 39 5 6 7 16 17 18 19 12 13 14 15 24 25 26 27 20 21 22 23 \
32 33 34 0 28 29 30 38 2 3 35 8
32 28 19 25 38 15 21 35 26 27 33 8 22 23 29 39 34 0 2 16 30 31 36 12 3 4 9 24 \
37 1 5 20 10 11 17 6 7 13 18 14
33 13 34 38 2 14 20 21 27 3 8 9 7 22 28 29 0 10 16 17 15 30 35 36 4 18 24 25 2\
3 37 39 5 11 26 32 31 6 12 19 1
34 14 38 27 3 20 7 22 33 8 0 10 13 28 15 30 2 16 4 18 21 35 23 37 9 24 11 26 2\
9 39 31 6 17 32 19 36 12 1 25 5
35 24 23 29 39 11 17 32 30 31 36 12 18 19 25 38 37 1 5 20 26 27 33 8 6 7 13 28\
 34 0 2 16 14 15 21 3 4 9 22 10
36 9 37 39 5 10 16 17 31 6 12 13 4 18 24 25 1 14 20 21 11 26 32 33 7 22 28 29 \
19 34 38 2 15 30 35 27 3 8 23 0
37 10 39 31 6 16 4 18 36 12 1 14 9 24 11 26 5 20 7 22 17 32 19 34 13 28 15 30 \
25 38 27 3 21 35 23 33 8 0 29 2
38 20 27 33 8 7 13 28 34 0 2 16 14 15 21 35 3 4 9 24 22 23 29 39 10 11 17 32 3\
0 31 36 12 18 19 25 37 1 5 26 6
39 16 31 36 12 4 9 24 37 1 5 20 10 11 17 32 6 7 13 28 18 19 25 38 14 15 21 35 \
26 27 33 8 22 23 29 34 0 2 30 3
