100
C5 x (C5 : C4)
1 4 5 2 5 20 4 4 5 10 5 2 5 20 20 20 4 4 5 10 5 10 5 2 5 20 20 20 20 20 4 4 5 \
10 5 10 5 10 5 2 5 20 20 20 20 20 20 20 4 4 10 5 10 5 10 5 10 5 2 20 20 20 20 \
20 20 20 20 4 10 5 10 5 10 5 10 20 20 20 20 20 20 20 10 5 10 5 10 20 20 20 20 \
20 10 5 10 20 20 20 10 20
0 6 32 3 40 59 1 30 18 50 93 11 24 42 41 87 31 67 8 33 85 68 83 23 12 26 25 77\
 88 99 7 16 2 19 73 52 71 82 69 39 4 14 13 63 78 97 60 75 49 48 9 57 35 55 70 \
53 92 51 58 5 46 64 91 43 61 96 95 17 21 38 54 36 84 34 98 47 81 27 44 90 89 7\
6 37 22 72 20 94 15 28 80 79 62 56 10 86 66 65 45 74 29
0 1 2 3 4 5 6 7 8 9 10 11 12 13 14 15 16 17 18 19 20 21 22 23 24 25 26 27 28 2\
9 30 31 32 33 34 35 36 37 38 39 40 41 42 43 44 45 46 47 48 49 50 51 52 53 54 5\
5 56 57 58 59 60 61 62 63 64 65 66 67 68 69 70 71 72 73 74 75 76 77 78 79 80 8\
1 82 83 84 85 86 87 88 89 90 91 92 93 94 95 96 97 98 99
1 3 5 6 7 9 0 11 13 14 15 16 17 19 2 21 4 23 25 26 27 28 29 30 31 33 8 35 10 3\
7 12 39 41 42 43 44 45 46 47 48 49 50 18 52 20 54 22 56 24 58 59 60 61 62 63 6\
4 65 66 67 32 68 34 70 36 72 38 74 40 75 76 77 78 79 80 81 51 82 53 84 55 86 5\
7 87 88 89 90 91 69 92 71 94 73 95 96 97 83 98 85 99 93
2 5 8 9 10 13 14 15 18 19 20 21 22 25 26 27 28 29 32 33 34 35 36 37 38 41 42 4\
3 44 45 46 47 0 50 51 52 53 54 55 56 57 1 59 60 61 62 63 64 65 66 3 4 68 69 70\
 71 72 73 74 6 7 75 76 77 78 79 80 81 11 12 82 83 84 85 86 16 17 87 88 89 90 9\
1 23 24 92 93 94 30 31 95 96 97 39 40 98 48 49 99 58 67
3 6 9 0 11 14 1 16 19 2 21 4 23 26 5 28 7 30 33 8 35 10 37 12 39 42 13 44 15 4\
6 17 48 50 18 52 20 54 22 56 24 58 59 25 61 27 63 29 65 31 67 32 68 34 70 36 7\
2 38 74 40 41 75 43 77 45 79 47 81 49 51 82 53 84 55 86 57 60 87 62 89 64 91 6\
6 69 92 71 94 73 76 95 78 97 80 83 98 85 88 99 90 93 96
4 17 10 58 12 29 48 31 20 74 22 3 24 45 65 47 67 49 34 86 36 9 38 11 40 62 79 \
64 81 66 6 1 51 94 53 19 55 21 57 23 0 76 89 78 91 80 14 5 16 7 98 69 33 71 35\
 73 37 2 39 95 88 97 90 26 13 28 15 30 50 83 52 85 54 8 56 99 96 42 25 44 27 4\
6 68 93 70 18 72 59 41 61 43 63 82 32 84 75 60 77 92 87
5 9 13 14 15 19 2 21 25 26 27 28 29 33 8 35 10 37 41 42 43 44 45 46 47 50 18 5\
2 20 54 22 56 1 59 60 61 62 63 64 65 66 3 32 68 34 70 36 72 38 74 6 7 75 76 77\
 78 79 80 81 0 11 51 82 53 84 55 86 57 16 17 87 88 89 90 91 4 23 69 92 71 94 7\
3 30 31 95 96 97 12 39 83 98 85 48 49 99 24 58 93 67 40
6 0 14 1 16 2 3 4 26 5 28 7 30 8 9 10 11 12 42 13 44 15 46 17 48 18 19 20 21 2\
2 23 24 59 25 61 27 63 29 65 31 67 32 33 34 35 36 37 38 39 40 41 75 43 77 45 7\
9 47 81 49 50 51 52 53 54 55 56 57 58 60 87 62 89 64 91 66 68 69 70 71 72 73 7\
4 76 95 78 97 80 82 83 84 85 86 88 99 90 92 93 94 96 98
7 23 15 67 17 37 24 39 27 81 29 6 31 54 38 56 40 58 43 91 45 14 47 16 49 70 55\
 72 57 74 0 3 60 97 62 26 64 28 66 30 1 82 71 84 73 86 2 9 4 11 99 76 42 78 44\
 80 46 5 48 83 92 85 94 8 19 10 21 12 59 88 61 90 63 13 65 93 98 18 33 20 35 2\
2 75 96 77 25 79 32 50 34 52 36 87 41 89 51 68 53 95 69
8 13 18 19 20 25 26 27 32 33 34 35 36 41 42 43 44 45 0 50 51 52 53 54 55 1 59 \
60 61 62 63 64 2 3 4 68 69 70 71 72 73 5 6 7 75 76 77 78 79 80 9 10 11 12 82 8\
3 84 85 86 14 15 16 17 87 88 89 90 91 21 22 23 24 92 93 94 28 29 30 31 95 96 9\
7 37 38 39 40 98 46 47 48 49 99 56 57 58 65 66 67 74 81
9 14 19 2 21 26 5 28 33 8 35 10 37 42 13 44 15 46 50 18 52 20 54 22 56 59 25 6\
1 27 63 29 65 3 32 68 34 70 36 72 38 74 6 41 75 43 77 45 79 47 81 0 11 51 82 5\
3 84 55 86 57 1 16 60 87 62 89 64 91 66 4 23 69 92 71 94 73 7 30 76 95 78 97 8\
0 12 39 83 98 85 17 48 88 99 90 24 58 93 31 67 96 40 49
10 29 20 74 22 45 65 47 34 86 36 9 38 62 79 64 81 66 51 94 53 19 55 21 57 76 8\
9 78 91 80 14 5 4 98 69 33 71 35 73 37 2 17 95 88 97 90 26 13 28 15 58 12 50 8\
3 52 85 54 8 56 48 31 99 96 42 25 44 27 46 3 24 68 93 70 18 72 67 49 59 41 61 \
43 63 11 40 82 32 84 6 1 75 60 77 23 0 92 16 7 87 39 30
11 30 21 40 23 46 31 48 35 57 37 0 39 63 47 65 49 67 52 73 54 2 56 4 58 77 64 \
79 66 81 1 6 68 85 70 8 72 10 74 12 3 87 78 89 80 91 5 14 7 16 93 82 18 84 20 \
86 22 9 24 88 95 90 97 13 26 15 28 17 32 92 34 94 36 19 38 96 99 25 42 27 44 2\
9 51 98 53 33 55 41 59 43 61 45 69 50 71 60 75 62 83 76
12 49 22 39 24 66 16 1 36 56 38 58 40 80 28 5 30 7 53 72 55 74 57 3 0 90 44 13\
 46 15 48 17 69 84 71 86 73 9 2 11 4 96 61 25 63 27 65 29 67 31 92 83 94 85 19\
 8 21 10 23 75 41 77 43 79 45 81 47 6 98 93 33 18 35 20 37 87 60 89 62 91 64 1\
4 50 32 52 34 54 95 76 97 78 26 68 51 70 99 88 42 82 59
13 19 25 26 27 33 8 35 41 42 43 44 45 50 18 52 20 54 1 59 60 61 62 63 64 3 32 \
68 34 70 36 72 5 6 7 75 76 77 78 79 80 9 0 11 51 82 53 84 55 86 14 15 16 17 87\
 88 89 90 91 2 21 4 23 69 92 71 94 73 28 29 30 31 95 96 97 10 37 12 39 83 98 8\
5 46 47 48 49 99 22 56 24 58 93 65 66 67 38 74 40 81 57
14 2 26 5 28 8 9 10 42 13 44 15 46 18 19 20 21 22 59 25 61 27 63 29 65 32 33 3\
4 35 36 37 38 6 41 75 43 77 45 79 47 81 0 50 51 52 53 54 55 56 57 1 16 60 87 6\
2 89 64 91 66 3 4 68 69 70 71 72 73 74 7 30 76 95 78 97 80 11 12 82 83 84 85 8\
6 17 48 88 99 90 23 24 92 93 94 31 67 96 39 40 98 49 58
15 37 27 81 29 54 38 56 43 91 45 14 47 70 55 72 57 74 60 97 62 26 64 28 66 82 \
71 84 73 86 2 9 7 99 76 42 78 44 80 46 5 23 83 92 85 94 8 19 10 21 67 17 59 88\
 61 90 63 13 65 24 39 93 98 18 33 20 35 22 6 31 75 96 77 25 79 40 58 32 50 34 \
52 36 16 49 87 41 89 0 3 51 68 53 30 1 95 4 11 69 48 12
16 12 28 49 30 22 39 24 44 66 46 1 48 36 56 38 58 40 61 80 63 5 65 7 67 53 72 \
55 74 57 3 0 75 90 77 13 79 15 81 17 6 69 84 71 86 73 9 2 11 4 96 87 25 89 27 \
91 29 14 31 92 83 94 85 19 8 21 10 23 41 95 43 97 45 26 47 98 93 33 18 35 20 3\
7 60 99 62 42 64 50 32 52 34 54 76 59 78 68 51 70 88 82
17 58 29 48 31 74 4 3 45 65 47 67 49 86 10 9 12 11 62 79 64 81 66 6 1 94 20 19\
 22 21 24 23 76 89 78 91 80 14 5 16 7 98 34 33 36 35 38 37 40 39 95 88 97 90 2\
6 13 28 15 30 51 50 53 52 55 54 57 56 0 99 96 42 25 44 27 46 69 68 71 70 73 72\
 2 59 41 61 43 63 83 82 85 84 8 75 60 77 93 92 18 87 32
18 25 32 33 34 41 42 43 0 50 51 52 53 1 59 60 61 62 2 3 4 68 69 70 71 5 6 7 75\
 76 77 78 8 9 10 11 12 82 83 84 85 13 14 15 16 17 87 88 89 90 19 20 21 22 23 2\
4 92 93 94 26 27 28 29 30 31 95 96 97 35 36 37 38 39 40 98 44 45 46 47 48 49 9\
9 54 55 56 57 58 63 64 65 66 67 72 73 74 79 80 81 86 91
19 26 33 8 35 42 13 44 50 18 52 20 54 59 25 61 27 63 3 32 68 34 70 36 72 6 41 \
75 43 77 45 79 9 0 11 51 82 53 84 55 86 14 1 16 60 87 62 89 64 91 2 21 4 23 69\
 92 71 94 73 5 28 7 30 76 95 78 97 80 10 37 12 39 83 98 85 15 46 17 48 88 99 9\
0 22 56 24 58 93 29 65 31 67 96 38 74 40 47 81 49 57 66
20 45 34 86 36 62 79 64 51 94 53 19 55 76 89 78 91 80 4 98 69 33 71 35 73 17 9\
5 88 97 90 26 13 10 58 12 50 83 52 85 54 8 29 48 31 99 96 42 25 44 27 74 22 3 \
24 68 93 70 18 72 65 47 67 49 59 41 61 43 63 9 38 11 40 82 32 84 81 66 6 1 75 \
60 77 21 57 23 0 92 14 5 16 7 87 37 2 39 28 15 30 56 46
21 46 35 57 37 63 47 65 52 73 54 2 56 77 64 79 66 81 68 85 70 8 72 10 74 87 78\
 89 80 91 5 14 11 93 82 18 84 20 86 22 9 30 88 95 90 97 13 26 15 28 40 23 32 9\
2 34 94 36 19 38 31 48 96 99 25 42 27 44 29 0 39 51 98 53 33 55 49 67 41 59 43\
 61 45 4 58 69 50 71 1 6 60 75 62 12 3 83 7 16 76 24 17
22 66 36 56 38 80 28 5 53 72 55 74 57 90 44 13 46 15 69 84 71 86 73 9 2 96 61 \
25 63 27 65 29 12 92 83 94 85 19 8 21 10 49 75 41 77 43 79 45 81 47 39 24 98 9\
3 33 18 35 20 37 16 1 87 60 89 62 91 64 14 58 40 50 32 52 34 54 30 7 95 76 97 \
78 26 3 0 68 51 70 48 17 99 88 42 11 4 82 67 31 59 23 6
23 67 37 24 39 81 7 6 54 38 56 40 58 91 15 14 17 16 70 55 72 57 74 0 3 97 27 2\
6 29 28 31 30 82 71 84 73 86 2 9 4 11 99 43 42 45 44 47 46 49 48 83 92 85 94 8\
 19 10 21 12 60 59 62 61 64 63 66 65 1 93 98 18 33 20 35 22 76 75 78 77 80 79 \
5 32 50 34 52 36 88 87 90 89 13 51 68 53 96 95 25 69 41
24 7 38 23 40 15 67 17 55 37 57 39 0 27 81 29 6 31 71 54 73 56 2 58 4 43 91 45\
 14 47 16 49 83 70 85 72 8 74 10 3 12 60 97 62 26 64 28 66 30 1 82 93 84 18 86\
 20 9 22 11 99 76 42 78 44 80 46 5 48 92 32 94 34 19 36 21 59 88 61 90 63 13 6\
5 98 51 33 53 35 75 96 77 25 79 50 69 52 87 41 89 68 95
25 33 41 42 43 50 18 52 1 59 60 61 62 3 32 68 34 70 5 6 7 75 76 77 78 9 0 11 5\
1 82 53 84 13 14 15 16 17 87 88 89 90 19 2 21 4 23 69 92 71 94 26 27 28 29 30 \
31 95 96 97 8 35 10 37 12 39 83 98 85 44 45 46 47 48 49 99 20 54 22 56 24 58 9\
3 63 64 65 66 67 36 72 38 74 40 79 80 81 55 86 57 91 73
26 8 42 13 44 18 19 20 59 25 61 27 63 32 33 34 35 36 6 41 75 43 77 45 79 0 50 \
51 52 53 54 55 14 1 16 60 87 62 89 64 91 2 3 4 68 69 70 71 72 73 5 28 7 30 76 \
95 78 97 80 9 10 11 12 82 83 84 85 86 15 46 17 48 88 99 90 21 22 23 24 92 93 9\
4 29 65 31 67 96 37 38 39 40 98 47 81 49 56 57 58 66 74
27 54 43 91 45 70 55 72 60 97 62 26 64 82 71 84 73 86 7 99 76 42 78 44 80 23 8\
3 92 85 94 8 19 15 67 17 59 88 61 90 63 13 37 24 39 93 98 18 33 20 35 81 29 6 \
31 75 96 77 25 79 38 56 40 58 32 50 34 52 36 14 47 16 49 87 41 89 57 74 0 3 51\
 68 53 28 66 30 1 95 2 9 4 11 69 46 5 48 10 21 12 65 22
28 22 44 66 46 36 56 38 61 80 63 5 65 53 72 55 74 57 75 90 77 13 79 15 81 69 8\
4 71 86 73 9 2 16 96 87 25 89 27 91 29 14 12 92 83 94 85 19 8 21 10 49 30 41 9\
5 43 97 45 26 47 39 24 98 93 33 18 35 20 37 1 48 60 99 62 42 64 58 40 50 32 52\
 34 54 7 67 76 59 78 3 0 68 51 70 17 6 88 11 4 82 31 23
29 74 45 65 47 86 10 9 62 79 64 81 66 94 20 19 22 21 76 89 78 91 80 14 5 98 34\
 33 36 35 38 37 17 95 88 97 90 26 13 28 15 58 51 50 53 52 55 54 57 56 48 31 99\
 96 42 25 44 27 46 4 3 69 68 71 70 73 72 2 67 49 59 41 61 43 63 12 11 83 82 85\
 84 8 6 1 75 60 77 24 23 93 92 18 16 7 87 40 39 32 30 0
30 40 46 31 48 57 11 0 63 47 65 49 67 73 21 2 23 4 77 64 79 66 81 1 6 85 35 8 \
37 10 39 12 87 78 89 80 91 5 14 7 16 93 52 18 54 20 56 22 58 24 88 95 90 97 13\
 26 15 28 17 68 32 70 34 72 36 74 38 3 96 99 25 42 27 44 29 82 51 84 53 86 55 \
9 41 59 43 61 45 92 69 94 71 19 60 75 62 98 83 33 76 50
31 11 47 30 49 21 40 23 64 46 66 48 1 35 57 37 0 39 78 63 80 65 5 67 7 52 73 5\
4 2 56 4 58 88 77 90 79 13 81 15 6 17 68 85 70 8 72 10 74 12 3 87 96 89 25 91 \
27 14 29 16 93 82 18 84 20 86 22 9 24 95 41 97 43 26 45 28 32 92 34 94 36 19 3\
8 99 60 42 62 44 51 98 53 33 55 59 76 61 69 50 71 75 83
32 41 0 50 51 1 59 60 2 3 4 68 69 5 6 7 75 76 8 9 10 11 12 82 83 13 14 15 16 1\
7 87 88 18 19 20 21 22 23 24 92 93 25 26 27 28 29 30 31 95 96 33 34 35 36 37 3\
8 39 40 98 42 43 44 45 46 47 48 49 99 52 53 54 55 56 57 58 61 62 63 64 65 66 6\
7 70 71 72 73 74 77 78 79 80 81 84 85 86 89 90 91 94 97
33 42 50 18 52 59 25 61 3 32 68 34 70 6 41 75 43 77 9 0 11 51 82 53 84 14 1 16\
 60 87 62 89 19 2 21 4 23 69 92 71 94 26 5 28 7 30 76 95 78 97 8 35 10 37 12 3\
9 83 98 85 13 44 15 46 17 48 88 99 90 20 54 22 56 24 58 93 27 63 29 65 31 67 9\
6 36 72 38 74 40 45 79 47 81 49 55 86 57 64 91 66 73 80
34 62 51 94 53 76 89 78 4 98 69 33 71 17 95 88 97 90 10 58 12 50 83 52 85 29 4\
8 31 99 96 42 25 20 74 22 3 24 68 93 70 18 45 65 47 67 49 59 41 61 43 86 36 9 \
38 11 40 82 32 84 79 64 81 66 6 1 75 60 77 19 55 21 57 23 0 92 91 80 14 5 16 7\
 87 35 73 37 2 39 26 13 28 15 30 54 8 56 44 27 46 72 63
35 63 52 73 54 77 64 79 68 85 70 8 72 87 78 89 80 91 11 93 82 18 84 20 86 30 8\
8 95 90 97 13 26 21 40 23 32 92 34 94 36 19 46 31 48 96 99 25 42 27 44 57 37 0\
 39 51 98 53 33 55 47 65 49 67 41 59 43 61 45 2 56 4 58 69 50 71 66 81 1 6 60 \
75 62 10 74 12 3 83 5 14 7 16 76 22 9 24 15 28 17 38 29
36 80 53 72 55 90 44 13 69 84 71 86 73 96 61 25 63 27 12 92 83 94 85 19 8 49 7\
5 41 77 43 79 45 22 39 24 98 93 33 18 35 20 66 16 1 87 60 89 62 91 64 56 38 58\
 40 50 32 52 34 54 28 5 30 7 95 76 97 78 26 74 57 3 0 68 51 70 46 15 48 17 99 \
88 42 9 2 11 4 82 65 29 67 31 59 21 10 23 81 47 6 37 14
37 81 54 38 56 91 15 14 70 55 72 57 74 97 27 26 29 28 82 71 84 73 86 2 9 99 43\
 42 45 44 47 46 23 83 92 85 94 8 19 10 21 67 60 59 62 61 64 63 66 65 24 39 93 \
98 18 33 20 35 22 7 6 76 75 78 77 80 79 5 40 58 32 50 34 52 36 17 16 88 87 90 \
89 13 0 3 51 68 53 31 30 96 95 25 4 11 69 49 48 41 12 1
38 15 55 37 57 27 81 29 71 54 73 56 2 43 91 45 14 47 83 70 85 72 8 74 10 60 97\
 62 26 64 28 66 24 82 93 84 18 86 20 9 22 7 99 76 42 78 44 80 46 5 23 40 92 32\
 94 34 19 36 21 67 17 59 88 61 90 63 13 65 39 0 98 51 33 53 35 6 31 75 96 77 2\
5 79 58 4 50 69 52 16 49 87 41 89 3 12 68 30 1 95 11 48
39 16 56 12 58 28 49 30 72 22 74 24 3 44 66 46 1 48 84 36 86 38 9 40 11 61 80 \
63 5 65 7 67 92 53 94 55 19 57 21 0 23 75 90 77 13 79 15 81 17 6 69 98 71 33 7\
3 35 2 37 4 96 87 25 89 27 91 29 14 31 83 50 85 52 8 54 10 41 95 43 97 45 26 4\
7 93 68 18 70 20 60 99 62 42 64 32 82 34 76 59 78 51 88
40 31 57 11 0 47 30 49 73 21 2 23 4 64 46 66 48 1 85 35 8 37 10 39 12 78 63 80\
 65 5 67 7 93 52 18 54 20 56 22 58 24 88 77 90 79 13 81 15 6 17 68 32 70 34 72\
 36 74 38 3 87 96 89 25 91 27 14 29 16 82 51 84 53 86 55 9 95 41 97 43 26 45 2\
8 92 69 94 71 19 99 60 42 62 44 98 83 33 59 76 61 50 75
41 50 1 59 60 3 32 68 5 6 7 75 76 9 0 11 51 82 13 14 15 16 17 87 88 19 2 21 4 \
23 69 92 25 26 27 28 29 30 31 95 96 33 8 35 10 37 12 39 83 98 42 43 44 45 46 4\
7 48 49 99 18 52 20 54 22 56 24 58 93 61 62 63 64 65 66 67 34 70 36 72 38 74 4\
0 77 78 79 80 81 53 84 55 86 57 89 90 91 71 94 73 97 85
42 18 59 25 61 32 33 34 6 41 75 43 77 0 50 51 52 53 14 1 16 60 87 62 89 2 3 4 \
68 69 70 71 26 5 28 7 30 76 95 78 97 8 9 10 11 12 82 83 84 85 13 44 15 46 17 4\
8 88 99 90 19 20 21 22 23 24 92 93 94 27 63 29 65 31 67 96 35 36 37 38 39 40 9\
8 45 79 47 81 49 54 55 56 57 58 64 91 66 72 73 74 80 86
43 70 60 97 62 82 71 84 7 99 76 42 78 23 83 92 85 94 15 67 17 59 88 61 90 37 2\
4 39 93 98 18 33 27 81 29 6 31 75 96 77 25 54 38 56 40 58 32 50 34 52 91 45 14\
 47 16 49 87 41 89 55 72 57 74 0 3 51 68 53 26 64 28 66 30 1 95 73 86 2 9 4 11\
 69 44 80 46 5 48 8 19 10 21 12 63 13 65 20 35 22 79 36
44 36 61 80 63 53 72 55 75 90 77 13 79 69 84 71 86 73 16 96 87 25 89 27 91 12 \
92 83 94 85 19 8 28 49 30 41 95 43 97 45 26 22 39 24 98 93 33 18 35 20 66 46 1\
 48 60 99 62 42 64 56 38 58 40 50 32 52 34 54 5 65 7 67 76 59 78 74 57 3 0 68 \
51 70 15 81 17 6 88 9 2 11 4 82 29 14 31 21 10 23 47 37
45 86 62 79 64 94 20 19 76 89 78 91 80 98 34 33 36 35 17 95 88 97 90 26 13 58 \
51 50 53 52 55 54 29 48 31 99 96 42 25 44 27 74 4 3 69 68 71 70 73 72 65 47 67\
 49 59 41 61 43 63 10 9 12 11 83 82 85 84 8 81 66 6 1 75 60 77 22 21 24 23 93 \
92 18 14 5 16 7 87 38 37 40 39 32 28 15 30 57 56 0 46 2
46 57 63 47 65 73 21 2 77 64 79 66 81 85 35 8 37 10 87 78 89 80 91 5 14 93 52 \
18 54 20 56 22 30 88 95 90 97 13 26 15 28 40 68 32 70 34 72 36 74 38 31 48 96 \
99 25 42 27 44 29 11 0 82 51 84 53 86 55 9 49 67 41 59 43 61 45 23 4 92 69 94 \
71 19 1 6 60 75 62 39 12 98 83 33 7 16 76 58 24 50 17 3
47 21 64 46 66 35 57 37 78 63 80 65 5 52 73 54 2 56 88 77 90 79 13 81 15 68 85\
 70 8 72 10 74 31 87 96 89 25 91 27 14 29 11 93 82 18 84 20 86 22 9 30 49 95 4\
1 97 43 26 45 28 40 23 32 92 34 94 36 19 38 48 1 99 60 42 62 44 0 39 51 98 53 \
33 55 67 7 59 76 61 4 58 69 50 71 6 17 75 12 3 83 16 24
48 4 65 17 67 10 58 12 79 29 81 31 6 20 74 22 3 24 89 45 91 47 14 49 16 34 86 \
36 9 38 11 40 95 62 97 64 26 66 28 1 30 51 94 53 19 55 21 57 23 0 76 99 78 42 \
80 44 5 46 7 98 69 33 71 35 73 37 2 39 88 59 90 61 13 63 15 50 83 52 85 54 8 5\
6 96 75 25 77 27 68 93 70 18 72 41 87 43 82 32 84 60 92
49 39 66 16 1 56 12 58 80 28 5 30 7 72 22 74 24 3 90 44 13 46 15 48 17 84 36 8\
6 38 9 40 11 96 61 25 63 27 65 29 67 31 92 53 94 55 19 57 21 0 23 75 41 77 43 \
79 45 81 47 6 69 98 71 33 73 35 2 37 4 87 60 89 62 91 64 14 83 50 85 52 8 54 1\
0 95 76 97 78 26 93 68 18 70 20 99 88 42 32 82 34 59 51
50 59 3 32 68 6 41 75 9 0 11 51 82 14 1 16 60 87 19 2 21 4 23 69 92 26 5 28 7 \
30 76 95 33 8 35 10 37 12 39 83 98 42 13 44 15 46 17 48 88 99 18 52 20 54 22 5\
6 24 58 93 25 61 27 63 29 65 31 67 96 34 70 36 72 38 74 40 43 77 45 79 47 81 4\
9 53 84 55 86 57 62 89 64 91 66 71 94 73 78 97 80 85 90
51 76 4 98 69 17 95 88 10 58 12 50 83 29 48 31 99 96 20 74 22 3 24 68 93 45 65\
 47 67 49 59 41 34 86 36 9 38 11 40 82 32 62 79 64 81 66 6 1 75 60 94 53 19 55\
 21 57 23 0 92 89 78 91 80 14 5 16 7 87 33 71 35 73 37 2 39 97 90 26 13 28 15 \
30 52 85 54 8 56 42 25 44 27 46 70 18 72 61 43 63 84 77
52 77 68 85 70 87 78 89 11 93 82 18 84 30 88 95 90 97 21 40 23 32 92 34 94 46 \
31 48 96 99 25 42 35 57 37 0 39 51 98 53 33 63 47 65 49 67 41 59 43 61 73 54 2\
 56 4 58 69 50 71 64 79 66 81 1 6 60 75 62 8 72 10 74 12 3 83 80 91 5 14 7 16 \
76 20 86 22 9 24 13 26 15 28 17 36 19 38 27 44 29 55 45
53 90 69 84 71 96 61 25 12 92 83 94 85 49 75 41 77 43 22 39 24 98 93 33 18 66 \
16 1 87 60 89 62 36 56 38 58 40 50 32 52 34 80 28 5 30 7 95 76 97 78 72 55 74 \
57 3 0 68 51 70 44 13 46 15 48 17 99 88 42 86 73 9 2 11 4 82 63 27 65 29 67 31\
 59 19 8 21 10 23 79 45 81 47 6 35 20 37 91 64 14 54 26
54 91 70 55 72 97 27 26 82 71 84 73 86 99 43 42 45 44 23 83 92 85 94 8 19 67 6\
0 59 62 61 64 63 37 24 39 93 98 18 33 20 35 81 7 6 76 75 78 77 80 79 38 56 40 \
58 32 50 34 52 36 15 14 17 16 88 87 90 89 13 57 74 0 3 51 68 53 29 28 31 30 96\
 95 25 2 9 4 11 69 47 46 49 48 41 10 21 12 66 65 1 22 5
55 27 71 54 73 43 91 45 83 70 85 72 8 60 97 62 26 64 24 82 93 84 18 86 20 7 99\
 76 42 78 44 80 38 23 40 92 32 94 34 19 36 15 67 17 59 88 61 90 63 13 37 57 39\
 0 98 51 33 53 35 81 29 6 31 75 96 77 25 79 56 2 58 4 50 69 52 14 47 16 49 87 \
41 89 74 10 3 12 68 28 66 30 1 95 9 22 11 46 5 48 21 65
56 28 72 22 74 44 66 46 84 36 86 38 9 61 80 63 5 65 92 53 94 55 19 57 21 75 90\
 77 13 79 15 81 39 69 98 71 33 73 35 2 37 16 96 87 25 89 27 91 29 14 12 58 83 \
50 85 52 8 54 10 49 30 41 95 43 97 45 26 47 24 3 93 68 18 70 20 1 48 60 99 62 \
42 64 40 11 32 82 34 7 67 76 59 78 0 23 51 17 6 88 4 31
57 47 73 21 2 64 46 66 85 35 8 37 10 78 63 80 65 5 93 52 18 54 20 56 22 88 77 \
90 79 13 81 15 40 68 32 70 34 72 36 74 38 31 87 96 89 25 91 27 14 29 11 0 82 5\
1 84 53 86 55 9 30 49 95 41 97 43 26 45 28 23 4 92 69 94 71 19 48 1 99 60 42 6\
2 44 39 12 98 83 33 67 7 59 76 61 58 24 50 6 17 75 3 16
58 48 74 4 3 65 17 67 86 10 9 12 11 79 29 81 31 6 94 20 19 22 21 24 23 89 45 9\
1 47 14 49 16 98 34 33 36 35 38 37 40 39 95 62 97 64 26 66 28 1 30 51 50 53 52\
 55 54 57 56 0 76 99 78 42 80 44 5 46 7 69 68 71 70 73 72 2 88 59 90 61 13 63 \
15 83 82 85 84 8 96 75 25 77 27 93 92 18 41 87 43 32 60
59 32 6 41 75 0 50 51 14 1 16 60 87 2 3 4 68 69 26 5 28 7 30 76 95 8 9 10 11 1\
2 82 83 42 13 44 15 46 17 48 88 99 18 19 20 21 22 23 24 92 93 25 61 27 63 29 6\
5 31 67 96 33 34 35 36 37 38 39 40 98 43 77 45 79 47 81 49 52 53 54 55 56 57 5\
8 62 89 64 91 66 70 71 72 73 74 78 97 80 84 85 86 90 94
60 82 7 99 76 23 83 92 15 67 17 59 88 37 24 39 93 98 27 81 29 6 31 75 96 54 38\
 56 40 58 32 50 43 91 45 14 47 16 49 87 41 70 55 72 57 74 0 3 51 68 97 62 26 6\
4 28 66 30 1 95 71 84 73 86 2 9 4 11 69 42 78 44 80 46 5 48 85 94 8 19 10 21 1\
2 61 90 63 13 65 18 33 20 35 22 77 25 79 34 52 36 89 53
61 53 75 90 77 69 84 71 16 96 87 25 89 12 92 83 94 85 28 49 30 41 95 43 97 22 \
39 24 98 93 33 18 44 66 46 1 48 60 99 62 42 36 56 38 58 40 50 32 52 34 80 63 5\
 65 7 67 76 59 78 72 55 74 57 3 0 68 51 70 13 79 15 81 17 6 88 86 73 9 2 11 4 \
82 27 91 29 14 31 19 8 21 10 23 45 26 47 35 20 37 64 54
62 94 76 89 78 98 34 33 17 95 88 97 90 58 51 50 53 52 29 48 31 99 96 42 25 74 \
4 3 69 68 71 70 45 65 47 67 49 59 41 61 43 86 10 9 12 11 83 82 85 84 79 64 81 \
66 6 1 75 60 77 20 19 22 21 24 23 93 92 18 91 80 14 5 16 7 87 36 35 38 37 40 3\
9 32 26 13 28 15 30 55 54 57 56 0 44 27 46 73 72 2 63 8
63 73 77 64 79 85 35 8 87 78 89 80 91 93 52 18 54 20 30 88 95 90 97 13 26 40 6\
8 32 70 34 72 36 46 31 48 96 99 25 42 27 44 57 11 0 82 51 84 53 86 55 47 65 49\
 67 41 59 43 61 45 21 2 23 4 92 69 94 71 19 66 81 1 6 60 75 62 37 10 39 12 98 \
83 33 5 14 7 16 76 56 22 58 24 50 15 28 17 74 38 3 29 9
64 35 78 63 80 52 73 54 88 77 90 79 13 68 85 70 8 72 31 87 96 89 25 91 27 11 9\
3 82 18 84 20 86 47 30 49 95 41 97 43 26 45 21 40 23 32 92 34 94 36 19 46 66 4\
8 1 99 60 42 62 44 57 37 0 39 51 98 53 33 55 65 5 67 7 59 76 61 2 56 4 58 69 5\
0 71 81 15 6 17 75 10 74 12 3 83 14 29 16 22 9 24 28 38
65 10 79 29 81 20 74 22 89 45 91 47 14 34 86 36 9 38 95 62 97 64 26 66 28 51 9\
4 53 19 55 21 57 48 76 99 78 42 80 44 5 46 4 98 69 33 71 35 73 37 2 17 67 88 5\
9 90 61 13 63 15 58 12 50 83 52 85 54 8 56 31 6 96 75 25 77 27 3 24 68 93 70 1\
8 72 49 16 41 87 43 11 40 82 32 84 1 30 60 23 0 92 7 39
66 56 80 28 5 72 22 74 90 44 13 46 15 84 36 86 38 9 96 61 25 63 27 65 29 92 53\
 94 55 19 57 21 49 75 41 77 43 79 45 81 47 39 69 98 71 33 73 35 2 37 16 1 87 6\
0 89 62 91 64 14 12 58 83 50 85 52 8 54 10 30 7 95 76 97 78 26 24 3 93 68 18 7\
0 20 48 17 99 88 42 40 11 32 82 34 67 31 59 0 23 51 6 4
67 24 81 7 6 38 23 40 91 15 14 17 16 55 37 57 39 0 97 27 26 29 28 31 30 71 54 \
73 56 2 58 4 99 43 42 45 44 47 46 49 48 83 70 85 72 8 74 10 3 12 60 59 62 61 6\
4 63 66 65 1 82 93 84 18 86 20 9 22 11 76 75 78 77 80 79 5 92 32 94 34 19 36 2\
1 88 87 90 89 13 98 51 33 53 35 96 95 25 50 69 52 41 68
68 87 11 93 82 30 88 95 21 40 23 32 92 46 31 48 96 99 35 57 37 0 39 51 98 63 4\
7 65 49 67 41 59 52 73 54 2 56 4 58 69 50 77 64 79 66 81 1 6 60 75 85 70 8 72 \
10 74 12 3 83 78 89 80 91 5 14 7 16 76 18 84 20 86 22 9 24 90 97 13 26 15 28 1\
7 34 94 36 19 38 25 42 27 44 29 53 33 55 43 61 45 71 62
69 96 12 92 83 49 75 41 22 39 24 98 93 66 16 1 87 60 36 56 38 58 40 50 32 80 2\
8 5 30 7 95 76 53 72 55 74 57 3 0 68 51 90 44 13 46 15 48 17 99 88 84 71 86 73\
 9 2 11 4 82 61 25 63 27 65 29 67 31 59 94 85 19 8 21 10 23 77 43 79 45 81 47 \
6 33 18 35 20 37 89 62 91 64 14 52 34 54 97 78 26 70 42
70 97 82 71 84 99 43 42 23 83 92 85 94 67 60 59 62 61 37 24 39 93 98 18 33 81 \
7 6 76 75 78 77 54 38 56 40 58 32 50 34 52 91 15 14 17 16 88 87 90 89 55 72 57\
 74 0 3 51 68 53 27 26 29 28 31 30 96 95 25 73 86 2 9 4 11 69 45 44 47 46 49 4\
8 41 8 19 10 21 12 64 63 66 65 1 20 35 22 80 79 5 36 13
71 43 83 70 85 60 97 62 24 82 93 84 18 7 99 76 42 78 38 23 40 92 32 94 34 15 6\
7 17 59 88 61 90 55 37 57 39 0 98 51 33 53 27 81 29 6 31 75 96 77 25 54 73 56 \
2 58 4 50 69 52 91 45 14 47 16 49 87 41 89 72 8 74 10 3 12 68 26 64 28 66 30 1\
 95 86 20 9 22 11 44 80 46 5 48 19 36 21 63 13 65 35 79
72 44 84 36 86 61 80 63 92 53 94 55 19 75 90 77 13 79 39 69 98 71 33 73 35 16 \
96 87 25 89 27 91 56 12 58 83 50 85 52 8 54 28 49 30 41 95 43 97 45 26 22 74 2\
4 3 93 68 18 70 20 66 46 1 48 60 99 62 42 64 38 9 40 11 32 82 34 5 65 7 67 76 \
59 78 57 21 0 23 51 15 81 17 6 88 2 37 4 29 14 31 10 47
73 64 85 35 8 78 63 80 93 52 18 54 20 88 77 90 79 13 40 68 32 70 34 72 36 31 8\
7 96 89 25 91 27 57 11 0 82 51 84 53 86 55 47 30 49 95 41 97 43 26 45 21 2 23 \
4 92 69 94 71 19 46 66 48 1 99 60 42 62 44 37 10 39 12 98 83 33 65 5 67 7 59 7\
6 61 56 22 58 24 50 81 15 6 17 75 74 38 3 14 29 16 9 28
74 65 86 10 9 79 29 81 94 20 19 22 21 89 45 91 47 14 98 34 33 36 35 38 37 95 6\
2 97 64 26 66 28 58 51 50 53 52 55 54 57 56 48 76 99 78 42 80 44 5 46 4 3 69 6\
8 71 70 73 72 2 17 67 88 59 90 61 13 63 15 12 11 83 82 85 84 8 31 6 96 75 25 7\
7 27 24 23 93 92 18 49 16 41 87 43 40 39 32 1 30 60 0 7
75 69 16 96 87 12 92 83 28 49 30 41 95 22 39 24 98 93 44 66 46 1 48 60 99 36 5\
6 38 58 40 50 32 61 80 63 5 65 7 67 76 59 53 72 55 74 57 3 0 68 51 90 77 13 79\
 15 81 17 6 88 84 71 86 73 9 2 11 4 82 25 89 27 91 29 14 31 94 85 19 8 21 10 2\
3 43 97 45 26 47 33 18 35 20 37 62 42 64 52 34 54 78 70
76 98 17 95 88 58 51 50 29 48 31 99 96 74 4 3 69 68 45 65 47 67 49 59 41 86 10\
 9 12 11 83 82 62 79 64 81 66 6 1 75 60 94 20 19 22 21 24 23 93 92 89 78 91 80\
 14 5 16 7 87 34 33 36 35 38 37 40 39 32 97 90 26 13 28 15 30 53 52 55 54 57 5\
6 0 42 25 44 27 46 71 70 73 72 2 61 43 63 85 84 8 77 18
77 85 87 78 89 93 52 18 30 88 95 90 97 40 68 32 70 34 46 31 48 96 99 25 42 57 \
11 0 82 51 84 53 63 47 65 49 67 41 59 43 61 73 21 2 23 4 92 69 94 71 64 79 66 \
81 1 6 60 75 62 35 8 37 10 39 12 98 83 33 80 91 5 14 7 16 76 54 20 56 22 58 24\
 50 13 26 15 28 17 72 36 74 38 3 27 44 29 86 55 9 45 19
78 52 88 77 90 68 85 70 31 87 96 89 25 11 93 82 18 84 47 30 49 95 41 97 43 21 \
40 23 32 92 34 94 64 46 66 48 1 99 60 42 62 35 57 37 0 39 51 98 53 33 63 80 65\
 5 67 7 59 76 61 73 54 2 56 4 58 69 50 71 79 13 81 15 6 17 75 8 72 10 74 12 3 \
83 91 27 14 29 16 20 86 22 9 24 26 45 28 36 19 38 44 55
79 20 89 45 91 34 86 36 95 62 97 64 26 51 94 53 19 55 48 76 99 78 42 80 44 4 9\
8 69 33 71 35 73 65 17 67 88 59 90 61 13 63 10 58 12 50 83 52 85 54 8 29 81 31\
 6 96 75 25 77 27 74 22 3 24 68 93 70 18 72 47 14 49 16 41 87 43 9 38 11 40 82\
 32 84 66 28 1 30 60 21 57 23 0 92 5 46 7 37 2 39 15 56
80 72 90 44 13 84 36 86 96 61 25 63 27 92 53 94 55 19 49 75 41 77 43 79 45 39 \
69 98 71 33 73 35 66 16 1 87 60 89 62 91 64 56 12 58 83 50 85 52 8 54 28 5 30 \
7 95 76 97 78 26 22 74 24 3 93 68 18 70 20 46 15 48 17 99 88 42 38 9 40 11 32 \
82 34 65 29 67 31 59 57 21 0 23 51 81 47 6 2 37 4 14 10
81 38 91 15 14 55 37 57 97 27 26 29 28 71 54 73 56 2 99 43 42 45 44 47 46 83 7\
0 85 72 8 74 10 67 60 59 62 61 64 63 66 65 24 82 93 84 18 86 20 9 22 7 6 76 75\
 78 77 80 79 5 23 40 92 32 94 34 19 36 21 17 16 88 87 90 89 13 39 0 98 51 33 5\
3 35 31 30 96 95 25 58 4 50 69 52 49 48 41 3 12 68 1 11
82 99 23 83 92 67 60 59 37 24 39 93 98 81 7 6 76 75 54 38 56 40 58 32 50 91 15\
 14 17 16 88 87 70 55 72 57 74 0 3 51 68 97 27 26 29 28 31 30 96 95 71 84 73 8\
6 2 9 4 11 69 43 42 45 44 47 46 49 48 41 85 94 8 19 10 21 12 62 61 64 63 66 65\
 1 18 33 20 35 22 78 77 80 79 5 34 52 36 90 89 13 53 25
83 60 24 82 93 7 99 76 38 23 40 92 32 15 67 17 59 88 55 37 57 39 0 98 51 27 81\
 29 6 31 75 96 71 54 73 56 2 58 4 50 69 43 91 45 14 47 16 49 87 41 70 85 72 8 \
74 10 3 12 68 97 62 26 64 28 66 30 1 95 84 18 86 20 9 22 11 42 78 44 80 46 5 4\
8 94 34 19 36 21 61 90 63 13 65 33 53 35 77 25 79 52 89
84 61 92 53 94 75 90 77 39 69 98 71 33 16 96 87 25 89 56 12 58 83 50 85 52 28 \
49 30 41 95 43 97 72 22 74 24 3 93 68 18 70 44 66 46 1 48 60 99 62 42 36 86 38\
 9 40 11 32 82 34 80 63 5 65 7 67 76 59 78 55 19 57 21 0 23 51 13 79 15 81 17 \
6 88 73 35 2 37 4 27 91 29 14 31 8 54 10 45 26 47 20 64
85 78 93 52 18 88 77 90 40 68 32 70 34 31 87 96 89 25 57 11 0 82 51 84 53 47 3\
0 49 95 41 97 43 73 21 2 23 4 92 69 94 71 64 46 66 48 1 99 60 42 62 35 8 37 10\
 39 12 98 83 33 63 80 65 5 67 7 59 76 61 54 20 56 22 58 24 50 79 13 81 15 6 17\
 75 72 36 74 38 3 91 27 14 29 16 86 55 9 26 45 28 19 44
86 79 94 20 19 89 45 91 98 34 33 36 35 95 62 97 64 26 58 51 50 53 52 55 54 48 \
76 99 78 42 80 44 74 4 3 69 68 71 70 73 72 65 17 67 88 59 90 61 13 63 10 9 12 \
11 83 82 85 84 8 29 81 31 6 96 75 25 77 27 22 21 24 23 93 92 18 47 14 49 16 41\
 87 43 38 37 40 39 32 66 28 1 30 60 57 56 0 5 46 7 2 15
87 93 30 88 95 40 68 32 46 31 48 96 99 57 11 0 82 51 63 47 65 49 67 41 59 73 2\
1 2 23 4 92 69 77 64 79 66 81 1 6 60 75 85 35 8 37 10 39 12 98 83 78 89 80 91 \
5 14 7 16 76 52 18 54 20 56 22 58 24 50 90 97 13 26 15 28 17 70 34 72 36 74 38\
 3 25 42 27 44 29 84 53 86 55 9 43 61 45 94 71 19 62 33
88 68 31 87 96 11 93 82 47 30 49 95 41 21 40 23 32 92 64 46 66 48 1 99 60 35 5\
7 37 0 39 51 98 78 63 80 65 5 67 7 59 76 52 73 54 2 56 4 58 69 50 77 90 79 13 \
81 15 6 17 75 85 70 8 72 10 74 12 3 83 89 25 91 27 14 29 16 18 84 20 86 22 9 2\
4 97 43 26 45 28 34 94 36 19 38 42 62 44 53 33 55 61 71
89 34 95 62 97 51 94 53 48 76 99 78 42 4 98 69 33 71 65 17 67 88 59 90 61 10 5\
8 12 50 83 52 85 79 29 81 31 6 96 75 25 77 20 74 22 3 24 68 93 70 18 45 91 47 \
14 49 16 41 87 43 86 36 9 38 11 40 82 32 84 64 26 66 28 1 30 60 19 55 21 57 23\
 0 92 80 44 5 46 7 35 73 37 2 39 13 63 15 54 8 56 27 72
90 84 96 61 25 92 53 94 49 75 41 77 43 39 69 98 71 33 66 16 1 87 60 89 62 56 1\
2 58 83 50 85 52 80 28 5 30 7 95 76 97 78 72 22 74 24 3 93 68 18 70 44 13 46 1\
5 48 17 99 88 42 36 86 38 9 40 11 32 82 34 63 27 65 29 67 31 59 55 19 57 21 0 \
23 51 79 45 81 47 6 73 35 2 37 4 91 64 14 8 54 10 26 20
91 55 97 27 26 71 54 73 99 43 42 45 44 83 70 85 72 8 67 60 59 62 61 64 63 24 8\
2 93 84 18 86 20 81 7 6 76 75 78 77 80 79 38 23 40 92 32 94 34 19 36 15 14 17 \
16 88 87 90 89 13 37 57 39 0 98 51 33 53 35 29 28 31 30 96 95 25 56 2 58 4 50 \
69 52 47 46 49 48 41 74 10 3 12 68 66 65 1 9 22 11 5 21
92 75 39 69 98 16 96 87 56 12 58 83 50 28 49 30 41 95 72 22 74 24 3 93 68 44 6\
6 46 1 48 60 99 84 36 86 38 9 40 11 32 82 61 80 63 5 65 7 67 76 59 53 94 55 19\
 57 21 0 23 51 90 77 13 79 15 81 17 6 88 71 33 73 35 2 37 4 25 89 27 91 29 14 \
31 85 52 8 54 10 43 97 45 26 47 18 70 20 62 42 64 34 78
93 88 40 68 32 31 87 96 57 11 0 82 51 47 30 49 95 41 73 21 2 23 4 92 69 64 46 \
66 48 1 99 60 85 35 8 37 10 39 12 98 83 78 63 80 65 5 67 7 59 76 52 18 54 20 5\
6 22 58 24 50 77 90 79 13 81 15 6 17 75 70 34 72 36 74 38 3 89 25 91 27 14 29 \
16 84 53 86 55 9 97 43 26 45 28 94 71 19 42 62 44 33 61
94 89 98 34 33 95 62 97 58 51 50 53 52 48 76 99 78 42 74 4 3 69 68 71 70 65 17\
 67 88 59 90 61 86 10 9 12 11 83 82 85 84 79 29 81 31 6 96 75 25 77 20 19 22 2\
1 24 23 93 92 18 45 91 47 14 49 16 41 87 43 36 35 38 37 40 39 32 64 26 66 28 1\
 30 60 55 54 57 56 0 80 44 5 46 7 73 72 2 13 63 15 8 27
95 51 48 76 99 4 98 69 65 17 67 88 59 10 58 12 50 83 79 29 81 31 6 96 75 20 74\
 22 3 24 68 93 89 45 91 47 14 49 16 41 87 34 86 36 9 38 11 40 82 32 62 97 64 2\
6 66 28 1 30 60 94 53 19 55 21 57 23 0 92 78 42 80 44 5 46 7 33 71 35 73 37 2 \
39 90 61 13 63 15 52 85 54 8 56 25 77 27 70 18 72 43 84
96 92 49 75 41 39 69 98 66 16 1 87 60 56 12 58 83 50 80 28 5 30 7 95 76 72 22 \
74 24 3 93 68 90 44 13 46 15 48 17 99 88 84 36 86 38 9 40 11 32 82 61 25 63 27\
 65 29 67 31 59 53 94 55 19 57 21 0 23 51 77 43 79 45 81 47 6 71 33 73 35 2 37\
 4 89 62 91 64 14 85 52 8 54 10 97 78 26 18 70 20 42 34
97 71 99 43 42 83 70 85 67 60 59 62 61 24 82 93 84 18 81 7 6 76 75 78 77 38 23\
 40 92 32 94 34 91 15 14 17 16 88 87 90 89 55 37 57 39 0 98 51 33 53 27 26 29 \
28 31 30 96 95 25 54 73 56 2 58 4 50 69 52 45 44 47 46 49 48 41 72 8 74 10 3 1\
2 68 64 63 66 65 1 86 20 9 22 11 80 79 5 19 36 21 13 35
98 95 58 51 50 48 76 99 74 4 3 69 68 65 17 67 88 59 86 10 9 12 11 83 82 79 29 \
81 31 6 96 75 94 20 19 22 21 24 23 93 92 89 45 91 47 14 49 16 41 87 34 33 36 3\
5 38 37 40 39 32 62 97 64 26 66 28 1 30 60 53 52 55 54 57 56 0 78 42 80 44 5 4\
6 7 71 70 73 72 2 90 61 13 63 15 85 84 8 25 77 27 18 43
99 83 67 60 59 24 82 93 81 7 6 76 75 38 23 40 92 32 91 15 14 17 16 88 87 55 37\
 57 39 0 98 51 97 27 26 29 28 31 30 96 95 71 54 73 56 2 58 4 50 69 43 42 45 44\
 47 46 49 48 41 70 85 72 8 74 10 3 12 68 62 61 64 63 66 65 1 84 18 86 20 9 22 \
11 78 77 80 79 5 94 34 19 36 21 90 89 13 33 53 35 25 52
