126
C7 : C18
1 2 9 3 7 18 6 2 9 9 9 3 21 7 18 18 18 6 6 2 9 9 9 9 9 21 21 7 18 18 18 18 18 \
6 6 2 9 9 9 9 9 9 21 21 7 18 18 18 18 18 18 6 6 2 9 9 9 9 9 9 21 21 7 18 18 18\
 18 18 18 6 6 2 9 9 9 9 9 9 21 21 7 18 18 18 18 18 18 6 6 2 9 9 9 9 9 9 21 21 \
18 18 18 18 18 18 6 6 9 9 9 9 9 21 18 18 18 18 18 6 9 9 9 18 18 18 9 18
0 1 36 11 80 45 17 7 22 20 118 3 111 62 30 28 81 6 33 19 9 75 8 107 90 97 96 4\
4 15 101 14 64 112 18 51 35 2 58 120 92 73 54 79 78 27 5 85 48 47 99 125 34 69\
 53 41 110 57 56 37 124 61 60 13 68 31 115 83 122 63 52 87 71 95 40 109 21 119\
 106 43 42 4 16 102 66 114 46 98 70 104 89 24 94 39 108 91 72 26 25 86 49 123 \
29 82 121 88 117 77 23 93 74 55 12 32 116 84 65 113 105 10 76 38 103 67 100 59\
 50
0 1 2 3 4 5 6 7 8 9 10 11 12 13 14 15 16 17 18 19 20 21 22 23 24 25 26 27 28 2\
9 30 31 32 33 34 35 36 37 38 39 40 41 42 43 44 45 46 47 48 49 50 51 52 53 54 5\
5 56 57 58 59 60 61 62 63 64 65 66 67 68 69 70 71 72 73 74 75 76 77 78 79 80 8\
1 82 83 84 85 86 87 88 89 90 91 92 93 94 95 96 97 98 99 100 101 102 103 104 10\
5 106 107 108 109 110 111 112 113 114 115 116 117 118 119 120 121 122 123 124 \
125
1 0 5 6 7 2 3 4 14 15 16 17 18 19 8 9 10 11 12 13 28 29 30 31 32 33 34 35 20 2\
1 22 23 24 25 26 27 45 46 47 48 49 50 51 52 53 36 37 38 39 40 41 42 43 44 63 6\
4 65 66 67 68 69 70 71 54 55 56 57 58 59 60 61 62 81 82 83 84 85 86 87 88 89 7\
2 73 74 75 76 77 78 79 80 98 99 100 101 102 103 104 105 90 91 92 93 94 95 96 9\
7 112 113 114 115 116 117 106 107 108 109 110 111 121 122 123 118 119 120 125 \
124
2 5 8 9 10 14 15 16 3 20 21 22 23 24 6 28 29 30 31 32 11 12 36 37 38 39 40 41 \
17 18 45 46 47 48 49 50 0 25 26 54 55 56 57 58 59 1 33 34 63 64 65 66 67 68 4 \
42 43 72 73 74 75 76 77 7 51 52 81 82 83 84 85 86 13 60 61 90 91 92 93 94 95 1\
9 69 70 98 99 100 101 102 103 27 78 79 106 107 108 109 110 35 87 88 112 113 11\
4 115 116 44 96 97 118 119 120 53 104 105 121 122 123 62 111 124 71 117 125 80\
 89
3 6 9 11 12 15 17 18 20 22 23 0 25 26 28 30 31 1 33 34 36 37 2 39 40 4 42 43 4\
5 46 5 48 49 7 51 52 8 54 55 10 57 58 13 60 61 14 63 64 16 66 67 19 69 70 21 7\
2 73 24 75 76 27 78 79 29 81 82 32 84 85 35 87 88 38 90 91 41 93 94 44 96 97 4\
7 98 99 50 101 102 53 104 105 56 106 107 59 109 110 62 111 65 112 113 68 115 1\
16 71 117 74 118 119 77 120 80 83 121 122 86 123 89 92 124 95 100 125 103 108 \
114
4 89 59 12 13 50 105 1 38 76 77 25 26 27 100 67 68 117 6 7 55 56 93 94 95 42 4\
3 44 113 114 84 85 86 17 18 19 72 73 74 109 110 2 60 61 62 121 122 14 101 102 \
103 33 34 35 90 91 92 120 9 10 78 79 80 125 28 29 115 116 5 51 52 53 106 107 1\
08 22 23 24 96 97 0 45 46 47 123 15 16 69 70 71 118 119 8 39 40 41 111 3 63 64\
 65 30 31 32 87 88 124 20 21 57 58 11 81 82 83 48 49 104 36 37 75 98 99 66 54 \
112
5 2 14 15 16 8 9 10 6 28 29 30 31 32 3 20 21 22 23 24 17 18 45 46 47 48 49 50 \
11 12 36 37 38 39 40 41 1 33 34 63 64 65 66 67 68 0 25 26 54 55 56 57 58 59 7 \
51 52 81 82 83 84 85 86 4 42 43 72 73 74 75 76 77 19 69 70 98 99 100 101 102 1\
03 13 60 61 90 91 92 93 94 95 35 87 88 112 113 114 115 116 27 78 79 106 107 10\
8 109 110 53 104 105 121 122 123 44 96 97 118 119 120 71 117 125 62 111 124 89\
 80
6 3 15 17 18 9 11 12 28 30 31 1 33 34 20 22 23 0 25 26 45 46 5 48 49 7 51 52 3\
6 37 2 39 40 4 42 43 14 63 64 16 66 67 19 69 70 8 54 55 10 57 58 13 60 61 29 8\
1 82 32 84 85 35 87 88 21 72 73 24 75 76 27 78 79 47 98 99 50 101 102 53 104 1\
05 38 90 91 41 93 94 44 96 97 65 112 113 68 115 116 71 117 56 106 107 59 109 1\
10 62 111 83 121 122 86 123 89 74 118 119 77 120 80 100 125 103 92 124 95 114 \
108
7 80 68 18 19 41 97 0 47 85 86 33 34 35 92 58 59 111 3 4 64 65 101 102 103 51 \
52 53 107 108 75 76 77 11 12 13 81 82 83 115 116 5 69 70 71 118 119 8 93 94 95\
 25 26 27 98 99 100 123 15 16 87 88 89 124 20 21 109 110 2 42 43 44 112 113 11\
4 30 31 32 104 105 1 36 37 38 120 9 10 60 61 62 121 122 14 48 49 50 117 6 54 5\
5 56 22 23 24 78 79 125 28 29 66 67 17 72 73 74 39 40 96 45 46 84 90 91 57 63 \
106
8 14 3 20 21 6 28 29 9 11 12 36 37 38 15 17 18 45 46 47 22 23 0 25 26 54 55 56\
 30 31 1 33 34 63 64 65 2 39 40 4 42 43 72 73 74 5 48 49 7 51 52 81 82 83 10 5\
7 58 13 60 61 90 91 92 16 66 67 19 69 70 98 99 100 24 75 76 27 78 79 106 107 1\
08 32 84 85 35 87 88 112 113 114 41 93 94 44 96 97 118 119 50 101 102 53 104 1\
05 121 122 59 109 110 62 111 124 68 115 116 71 117 125 77 120 80 86 123 89 95 \
103
9 15 20 22 23 28 30 31 11 36 37 2 39 40 17 45 46 5 48 49 0 25 8 54 55 10 57 58\
 1 33 14 63 64 16 66 67 3 4 42 21 72 73 24 75 76 6 7 51 29 81 82 32 84 85 12 1\
3 60 38 90 91 41 93 94 18 19 69 47 98 99 50 101 102 26 27 78 56 106 107 59 109\
 110 34 35 87 65 112 113 68 115 116 43 44 96 74 118 119 77 120 52 53 104 83 12\
1 122 86 123 61 62 111 92 124 95 70 71 117 100 125 103 79 80 108 88 89 114 97 \
105
10 103 74 23 24 65 116 5 26 91 92 39 40 41 88 82 83 123 15 16 42 43 106 107 10\
8 57 58 59 104 105 98 99 100 30 31 32 13 60 61 118 119 8 75 76 77 71 117 6 112\
 113 114 48 49 50 27 78 79 124 20 21 93 94 95 89 17 18 121 122 14 66 67 68 44 \
96 97 36 37 38 109 110 2 1 33 34 125 28 29 84 85 86 62 111 3 54 55 56 120 9 7 \
51 52 45 46 47 101 102 80 11 12 72 73 22 19 69 70 63 64 115 0 25 90 35 87 81 4\
 53
11 17 22 0 25 30 1 33 36 2 39 3 4 42 45 5 48 6 7 51 8 54 9 10 57 12 13 60 14 6\
3 15 16 66 18 19 69 20 21 72 23 24 75 26 27 78 28 29 81 31 32 84 34 35 87 37 3\
8 90 40 41 93 43 44 96 46 47 98 49 50 101 52 53 104 55 56 106 58 59 109 61 62 \
111 64 65 112 67 68 115 70 71 117 73 74 118 76 77 120 79 80 82 83 121 85 86 12\
3 88 89 91 92 124 94 95 97 99 100 125 102 103 105 107 108 110 113 114 116 119 \
122
12 105 76 25 26 67 117 6 55 93 94 4 42 43 113 84 85 89 17 18 72 73 59 109 110 \
13 60 61 121 122 50 101 102 1 33 34 38 90 91 77 120 9 27 78 79 100 125 28 68 1\
15 116 7 51 52 56 106 107 95 22 23 44 96 97 114 45 46 86 123 15 19 69 70 74 11\
8 119 2 39 40 62 111 3 14 63 64 103 30 31 35 87 88 92 124 20 10 57 58 80 11 29\
 81 82 5 48 49 53 104 108 36 37 24 75 0 47 98 99 16 66 71 8 54 41 65 112 32 21\
 83
13 71 10 26 27 103 88 89 74 23 24 42 43 44 65 116 5 104 105 1 91 92 39 40 41 6\
0 61 62 82 83 123 15 16 117 6 7 106 107 108 57 58 59 78 79 80 98 99 100 30 31 \
32 17 18 19 118 119 8 75 76 77 96 97 0 112 113 114 48 49 50 33 34 35 124 20 21\
 93 94 95 111 3 4 121 122 14 66 67 68 51 52 53 36 37 38 109 110 2 11 12 125 28\
 29 84 85 86 69 70 54 55 56 120 9 25 45 46 47 101 102 87 72 73 22 63 64 115 90\
 81
14 8 6 28 29 3 20 21 15 17 18 45 46 47 9 11 12 36 37 38 30 31 1 33 34 63 64 65\
 22 23 0 25 26 54 55 56 5 48 49 7 51 52 81 82 83 2 39 40 4 42 43 72 73 74 16 6\
6 67 19 69 70 98 99 100 10 57 58 13 60 61 90 91 92 32 84 85 35 87 88 112 113 1\
14 24 75 76 27 78 79 106 107 108 50 101 102 53 104 105 121 122 41 93 94 44 96 \
97 118 119 68 115 116 71 117 125 59 109 110 62 111 124 86 123 89 77 120 80 103\
 95
15 9 28 30 31 20 22 23 17 45 46 5 48 49 11 36 37 2 39 40 1 33 14 63 64 16 66 6\
7 0 25 8 54 55 10 57 58 6 7 51 29 81 82 32 84 85 3 4 42 21 72 73 24 75 76 18 1\
9 69 47 98 99 50 101 102 12 13 60 38 90 91 41 93 94 34 35 87 65 112 113 68 115\
 116 26 27 78 56 106 107 59 109 110 52 53 104 83 121 122 86 123 43 44 96 74 11\
8 119 77 120 70 71 117 100 125 103 61 62 111 92 124 95 88 89 114 79 80 108 105\
 97
16 95 83 31 32 56 110 2 34 99 100 48 49 50 79 73 74 120 9 10 51 52 112 113 114\
 66 67 68 96 97 90 91 92 22 23 24 19 69 70 121 122 14 84 85 86 62 111 3 106 10\
7 108 39 40 41 35 87 88 125 28 29 101 102 103 80 11 12 118 119 8 57 58 59 53 1\
04 105 45 46 47 115 116 5 0 25 26 124 20 21 75 76 77 71 117 6 63 64 65 123 15 \
4 42 43 36 37 38 93 94 89 17 18 81 82 30 13 60 61 54 55 109 1 33 98 27 78 72 7\
 44
17 11 30 1 33 22 0 25 45 5 48 6 7 51 36 2 39 3 4 42 14 63 15 16 66 18 19 69 8 \
54 9 10 57 12 13 60 28 29 81 31 32 84 34 35 87 20 21 72 23 24 75 26 27 78 46 4\
7 98 49 50 101 52 53 104 37 38 90 40 41 93 43 44 96 64 65 112 67 68 115 70 71 \
117 55 56 106 58 59 109 61 62 111 82 83 121 85 86 123 88 89 73 74 118 76 77 12\
0 79 80 99 100 125 102 103 105 91 92 124 94 95 97 113 114 116 107 108 110 122 \
119
18 97 85 33 34 58 111 3 64 101 102 7 51 52 107 75 76 80 11 12 81 82 68 115 116\
 19 69 70 118 119 41 93 94 0 25 26 47 98 99 86 123 15 35 87 88 92 124 20 59 10\
9 110 4 42 43 65 112 113 103 30 31 53 104 105 108 36 37 77 120 9 13 60 61 83 1\
21 122 5 48 49 71 117 6 8 54 55 95 22 23 27 78 79 100 125 28 16 66 67 89 17 21\
 72 73 2 39 40 44 96 114 45 46 32 84 1 38 90 91 10 57 62 14 63 50 56 106 24 29\
 74
19 62 16 34 35 95 79 80 83 31 32 51 52 53 56 110 2 96 97 0 99 100 48 49 50 69 \
70 71 73 74 120 9 10 111 3 4 112 113 114 66 67 68 87 88 89 90 91 92 22 23 24 1\
1 12 13 121 122 14 84 85 86 104 105 1 106 107 108 39 40 41 25 26 27 125 28 29 \
101 102 103 117 6 7 118 119 8 57 58 59 42 43 44 45 46 47 115 116 5 17 18 124 2\
0 21 75 76 77 60 61 63 64 65 123 15 33 36 37 38 93 94 78 81 82 30 54 55 109 98\
 72
20 28 11 36 37 17 45 46 22 0 25 8 54 55 30 1 33 14 63 64 2 39 3 4 42 21 72 73 \
5 48 6 7 51 29 81 82 9 10 57 12 13 60 38 90 91 15 16 66 18 19 69 47 98 99 23 2\
4 75 26 27 78 56 106 107 31 32 84 34 35 87 65 112 113 40 41 93 43 44 96 74 118\
 119 49 50 101 52 53 104 83 121 122 58 59 109 61 62 111 92 124 67 68 115 70 71\
 117 100 125 76 77 120 79 80 108 85 86 123 88 89 114 94 95 97 102 103 105 110 \
116
21 114 61 37 38 52 122 14 40 78 79 54 55 56 102 69 70 125 28 29 57 58 44 96 97\
 72 73 74 115 116 35 87 88 45 46 47 24 75 76 62 111 3 90 91 92 86 123 15 53 10\
4 105 63 64 65 41 93 94 80 11 12 106 107 108 103 30 31 71 117 6 81 82 83 59 10\
9 110 0 25 26 118 119 8 5 48 49 89 17 18 98 99 100 77 120 9 4 42 43 124 20 16 \
66 67 1 33 34 112 113 95 22 23 13 60 36 32 84 85 7 51 121 2 39 27 50 101 19 10\
 68
22 30 36 2 39 45 5 48 0 8 54 9 10 57 1 14 63 15 16 66 3 4 20 21 72 23 24 75 6 \
7 28 29 81 31 32 84 11 12 13 37 38 90 40 41 93 17 18 19 46 47 98 49 50 101 25 \
26 27 55 56 106 58 59 109 33 34 35 64 65 112 67 68 115 42 43 44 73 74 118 76 7\
7 120 51 52 53 82 83 121 85 86 123 60 61 62 91 92 124 94 95 69 70 71 99 100 12\
5 102 103 78 79 80 107 108 110 87 88 89 113 114 116 96 97 119 104 105 122 111 \
117
23 116 91 39 40 82 123 15 42 106 107 10 57 58 104 98 99 103 30 31 13 60 74 118\
 119 24 75 76 71 117 65 112 113 5 48 49 26 27 78 92 124 20 41 93 94 88 89 17 8\
3 121 122 16 66 67 43 44 96 108 36 37 59 109 110 105 1 33 100 125 28 32 84 85 \
61 62 111 8 54 55 77 120 9 6 7 51 114 45 46 50 101 102 79 80 11 21 72 73 95 22\
 18 19 69 14 63 64 68 115 97 0 25 38 90 2 34 35 87 29 81 86 3 4 56 52 53 47 12\
 70
24 86 21 40 41 114 102 103 61 37 38 57 58 59 52 122 14 115 116 5 78 79 54 55 5\
6 75 76 77 69 70 125 28 29 123 15 16 44 96 97 72 73 74 93 94 95 35 87 88 45 46\
 47 30 31 32 62 111 3 90 91 92 109 110 2 53 104 105 63 64 65 48 49 50 80 11 12\
 106 107 108 120 9 10 71 117 6 81 82 83 66 67 68 0 25 26 118 119 8 22 23 89 17\
 18 98 99 100 84 85 4 42 43 124 20 39 1 33 34 112 113 101 13 60 36 7 51 121 27\
 19
25 117 93 4 42 84 89 17 72 59 109 12 13 60 121 50 101 105 1 33 38 90 76 77 120\
 26 27 78 100 125 67 68 115 6 7 51 55 56 106 94 95 22 43 44 96 113 114 45 85 8\
6 123 18 19 69 73 74 118 110 2 39 61 62 111 122 14 63 102 103 30 34 35 87 91 9\
2 124 9 10 57 79 80 11 28 29 81 116 5 48 52 53 104 107 108 36 23 24 75 97 0 46\
 47 98 15 16 66 70 71 119 8 54 40 41 3 64 65 112 31 32 88 20 21 58 82 83 49 37\
 99
26 88 23 42 43 116 104 105 91 39 40 13 60 61 82 123 15 71 117 6 106 107 10 57 \
58 27 78 79 98 99 103 30 31 89 17 18 74 118 119 24 75 76 44 96 97 65 112 113 5\
 48 49 1 33 34 92 124 20 41 93 94 62 111 3 83 121 122 16 66 67 7 51 52 108 36 \
37 59 109 110 80 11 12 100 125 28 32 84 85 19 69 70 8 54 55 77 120 9 0 25 114 \
45 46 50 101 102 35 87 21 72 73 95 22 4 14 63 64 68 115 53 38 90 2 29 81 86 56\
 47
27 53 77 43 44 32 70 71 108 94 95 60 61 62 29 49 50 87 88 89 119 8 109 110 2 7\
8 79 80 46 47 66 67 68 104 105 1 124 20 21 120 9 10 96 97 0 63 64 65 84 85 86 \
117 6 7 36 37 38 22 23 24 111 3 4 81 82 83 101 102 103 17 18 19 54 55 56 39 40\
 41 11 12 13 98 99 100 115 116 5 33 34 35 72 73 74 57 58 59 25 26 112 113 114 \
123 15 16 51 52 90 91 92 75 76 42 121 122 14 30 31 69 106 107 93 125 28 48 118\
 45
28 20 17 45 46 11 36 37 30 1 33 14 63 64 22 0 25 8 54 55 5 48 6 7 51 29 81 82 \
2 39 3 4 42 21 72 73 15 16 66 18 19 69 47 98 99 9 10 57 12 13 60 38 90 91 31 3\
2 84 34 35 87 65 112 113 23 24 75 26 27 78 56 106 107 49 50 101 52 53 104 83 1\
21 122 40 41 93 43 44 96 74 118 119 67 68 115 70 71 117 100 125 58 59 109 61 6\
2 111 92 124 85 86 123 88 89 114 76 77 120 79 80 108 102 103 105 94 95 97 116 \
110
29 108 70 46 47 43 119 8 49 87 88 63 64 65 94 60 61 124 20 21 66 67 53 104 105\
 81 82 83 109 110 27 78 79 36 37 38 32 84 85 71 117 6 98 99 100 77 120 9 44 96\
 97 54 55 56 50 101 102 89 17 18 112 113 114 95 22 23 62 111 3 72 73 74 68 115\
 116 1 33 34 121 122 14 2 39 40 80 11 12 90 91 92 86 123 15 7 51 52 125 28 10 \
57 58 0 25 26 106 107 103 30 31 19 69 45 24 75 76 4 42 118 5 48 35 41 93 13 16\
 59
30 22 45 5 48 36 2 39 1 14 63 15 16 66 0 8 54 9 10 57 6 7 28 29 81 31 32 84 3 \
4 20 21 72 23 24 75 17 18 19 46 47 98 49 50 101 11 12 13 37 38 90 40 41 93 33 \
34 35 64 65 112 67 68 115 25 26 27 55 56 106 58 59 109 51 52 53 82 83 121 85 8\
6 123 42 43 44 73 74 118 76 77 120 69 70 71 99 100 125 102 103 60 61 62 91 92 \
124 94 95 87 88 89 113 114 116 78 79 80 107 108 110 104 105 122 96 97 119 117 \
111
31 110 99 48 49 73 120 9 51 112 113 16 66 67 96 90 91 95 22 23 19 69 83 121 12\
2 32 84 85 62 111 56 106 107 2 39 40 34 35 87 100 125 28 50 101 102 79 80 11 7\
4 118 119 10 57 58 52 53 104 114 45 46 68 115 116 97 0 25 92 124 20 24 75 76 7\
0 71 117 14 63 64 86 123 15 3 4 42 108 36 37 41 93 94 88 89 17 29 81 82 103 30\
 12 13 60 8 54 55 59 109 105 1 33 47 98 5 26 27 78 21 72 77 6 7 65 43 44 38 18\
 61
32 77 29 49 50 108 94 95 70 46 47 66 67 68 43 119 8 109 110 2 87 88 63 64 65 8\
4 85 86 60 61 124 20 21 120 9 10 53 104 105 81 82 83 101 102 103 27 78 79 36 3\
7 38 22 23 24 71 117 6 98 99 100 115 116 5 44 96 97 54 55 56 39 40 41 89 17 18\
 112 113 114 123 15 16 62 111 3 72 73 74 57 58 59 1 33 34 121 122 14 30 31 80 \
11 12 90 91 92 75 76 7 51 52 125 28 48 0 25 26 106 107 93 19 69 45 4 42 118 35\
 13
33 111 101 7 51 75 80 11 81 68 115 18 19 69 118 41 93 97 0 25 47 98 85 86 123 \
34 35 87 92 124 58 59 109 3 4 42 64 65 112 102 103 30 52 53 104 107 108 36 76 \
77 120 12 13 60 82 83 121 116 5 48 70 71 117 119 8 54 94 95 22 26 27 78 99 100\
 125 15 16 66 88 89 17 20 21 72 110 2 39 43 44 96 113 114 45 31 32 84 105 1 37\
 38 90 9 10 57 61 62 122 14 63 49 50 6 55 56 106 23 24 79 28 29 67 73 74 40 46\
 91
34 79 31 51 52 110 96 97 99 48 49 19 69 70 73 120 9 62 111 3 112 113 16 66 67 \
35 87 88 90 91 95 22 23 80 11 12 83 121 122 32 84 85 53 104 105 56 106 107 2 3\
9 40 0 25 26 100 125 28 50 101 102 71 117 6 74 118 119 10 57 58 4 42 43 114 45\
 46 68 115 116 89 17 18 92 124 20 24 75 76 13 60 61 14 63 64 86 123 15 1 33 10\
8 36 37 41 93 94 27 78 29 81 82 103 30 7 8 54 55 59 109 44 47 98 5 21 72 77 65\
 38
35 44 86 52 53 24 61 62 114 102 103 69 70 71 21 40 41 78 79 80 122 14 115 116 \
5 87 88 89 37 38 57 58 59 96 97 0 125 28 29 123 15 16 104 105 1 54 55 56 75 76\
 77 111 3 4 45 46 47 30 31 32 117 6 7 72 73 74 93 94 95 11 12 13 63 64 65 48 4\
9 50 17 18 19 90 91 92 109 110 2 25 26 27 81 82 83 66 67 68 33 34 106 107 108 \
120 9 10 42 43 98 99 100 84 85 51 118 119 8 22 23 60 112 113 101 124 20 39 121\
 36
36 45 0 8 54 1 14 63 2 3 4 20 21 72 5 6 7 28 29 81 9 10 11 12 13 37 38 90 15 1\
6 17 18 19 46 47 98 22 23 24 25 26 27 55 56 106 30 31 32 33 34 35 64 65 112 39\
 40 41 42 43 44 73 74 118 48 49 50 51 52 53 82 83 121 57 58 59 60 61 62 91 92 \
124 66 67 68 69 70 71 99 100 125 75 76 77 78 79 80 107 108 84 85 86 87 88 89 1\
13 114 93 94 95 96 97 119 101 102 103 104 105 122 109 110 111 115 116 117 120 \
123
37 122 78 54 55 69 125 28 57 44 96 21 72 73 115 35 87 114 45 46 24 75 61 62 11\
1 38 90 91 86 123 52 53 104 14 63 64 40 41 93 79 80 11 56 106 107 102 103 30 7\
0 71 117 29 81 82 58 59 109 97 0 25 74 118 119 116 5 48 88 89 17 47 98 99 76 7\
7 120 3 4 42 92 124 20 15 16 66 105 1 33 65 112 113 94 95 22 12 13 60 108 36 3\
1 32 84 6 7 51 83 121 110 2 39 26 27 8 49 50 101 18 19 100 9 10 43 67 68 34 23\
 85
38 100 12 55 56 105 113 114 76 25 26 72 73 74 67 117 6 121 122 14 93 94 4 42 4\
3 90 91 92 84 85 89 17 18 125 28 29 59 109 110 13 60 61 106 107 108 50 101 102\
 1 33 34 45 46 47 77 120 9 27 78 79 118 119 8 68 115 116 7 51 52 63 64 65 95 2\
2 23 44 96 97 124 20 21 86 123 15 19 69 70 81 82 83 2 39 40 62 111 3 36 37 103\
 30 31 35 87 88 98 99 10 57 58 80 11 54 5 48 49 53 104 112 24 75 0 16 66 71 41\
 32
39 123 106 10 57 98 103 30 13 74 118 23 24 75 71 65 112 116 5 48 26 27 91 92 1\
24 40 41 93 88 89 82 83 121 15 16 66 42 43 44 107 108 36 58 59 109 104 105 1 9\
9 100 125 31 32 84 60 61 62 119 8 54 76 77 120 117 6 7 113 114 45 49 50 101 78\
 79 80 20 21 72 94 95 22 17 18 19 122 14 63 67 68 115 96 97 0 37 38 90 110 2 3\
3 34 35 28 29 81 85 86 111 3 4 55 56 9 51 52 53 46 47 102 11 12 73 69 70 64 25\
 87
40 102 37 57 58 122 115 116 78 54 55 24 75 76 69 125 28 86 123 15 44 96 21 72 \
73 41 93 94 35 87 114 45 46 103 30 31 61 62 111 38 90 91 59 109 110 52 53 104 \
14 63 64 5 48 49 79 80 11 56 106 107 77 120 9 70 71 117 29 81 82 16 66 67 97 0\
 25 74 118 119 95 22 23 88 89 17 47 98 99 32 84 85 3 4 42 92 124 20 2 39 105 1\
 33 65 112 113 50 101 12 13 60 108 36 10 6 7 51 83 121 68 26 27 8 18 19 100 43\
 34
41 68 92 58 59 47 85 86 97 107 108 75 76 77 18 64 65 101 102 103 111 3 118 119\
 8 93 94 95 33 34 81 82 83 115 116 5 80 11 12 124 20 21 109 110 2 7 51 52 98 9\
9 100 123 15 16 0 25 26 36 37 38 120 9 10 19 69 70 112 113 114 30 31 32 4 42 4\
3 54 55 56 22 23 24 35 87 88 121 122 14 48 49 50 13 60 61 72 73 74 39 40 53 10\
4 105 125 28 29 66 67 27 78 79 90 91 57 71 117 6 45 46 84 44 96 106 89 17 63 6\
2 1
42 104 39 13 60 123 71 117 106 10 57 26 27 78 98 103 30 88 89 17 74 118 23 24 \
75 43 44 96 65 112 116 5 48 105 1 33 91 92 124 40 41 93 61 62 111 82 83 121 15\
 16 66 6 7 51 107 108 36 58 59 109 79 80 11 99 100 125 31 32 84 18 19 69 119 8\
 54 76 77 120 97 0 25 113 114 45 49 50 101 34 35 87 20 21 72 94 95 22 3 4 122 \
14 63 67 68 115 52 53 37 38 90 110 2 12 28 29 81 85 86 70 55 56 9 46 47 102 73\
 64
43 70 94 60 61 49 87 88 119 109 110 27 78 79 46 66 67 53 104 105 124 20 77 120\
 9 44 96 97 63 64 32 84 85 71 117 6 108 36 37 95 22 23 62 111 3 29 81 82 50 10\
1 102 89 17 18 8 54 55 2 39 40 80 11 12 47 98 99 68 115 116 1 33 34 21 72 73 1\
0 57 58 0 25 26 65 112 113 86 123 15 7 51 52 38 90 91 24 75 76 4 42 83 121 122\
 103 30 31 19 69 56 106 107 41 93 13 100 125 28 5 48 35 74 118 59 114 45 16 92\
 14
44 35 24 61 62 86 52 53 21 40 41 78 79 80 114 102 103 69 70 71 37 38 57 58 59 \
96 97 0 122 14 115 116 5 87 88 89 54 55 56 75 76 77 111 3 4 125 28 29 123 15 1\
6 104 105 1 72 73 74 93 94 95 11 12 13 45 46 47 30 31 32 117 6 7 90 91 92 109 \
110 2 25 26 27 63 64 65 48 49 50 17 18 19 106 107 108 120 9 10 42 43 81 82 83 \
66 67 68 33 34 118 119 8 22 23 60 98 99 100 84 85 51 124 20 39 112 113 101 36 \
121
45 36 1 14 63 0 8 54 5 6 7 28 29 81 2 3 4 20 21 72 15 16 17 18 19 46 47 98 9 1\
0 11 12 13 37 38 90 30 31 32 33 34 35 64 65 112 22 23 24 25 26 27 55 56 106 48\
 49 50 51 52 53 82 83 121 39 40 41 42 43 44 73 74 118 66 67 68 69 70 71 99 100\
 125 57 58 59 60 61 62 91 92 124 84 85 86 87 88 89 113 114 75 76 77 78 79 80 1\
07 108 101 102 103 104 105 122 93 94 95 96 97 119 115 116 117 109 110 111 123 \
120
46 119 87 63 64 60 124 20 66 53 104 29 81 82 109 27 78 108 36 37 32 84 70 71 1\
17 47 98 99 77 120 43 44 96 8 54 55 49 50 101 88 89 17 65 112 113 94 95 22 61 \
62 111 21 72 73 67 68 115 105 1 33 83 121 122 110 2 39 79 80 11 38 90 91 85 86\
 123 6 7 51 100 125 28 9 10 57 97 0 25 56 106 107 102 103 30 18 19 69 114 45 2\
3 24 75 3 4 42 74 118 116 5 48 34 35 14 40 41 93 12 13 92 15 16 52 58 59 26 31\
 76
47 92 18 64 65 97 107 108 85 33 34 81 82 83 58 111 3 118 119 8 101 102 7 51 52\
 98 99 100 75 76 80 11 12 124 20 21 68 115 116 19 69 70 112 113 114 41 93 94 0\
 25 26 36 37 38 86 123 15 35 87 88 121 122 14 59 109 110 4 42 43 54 55 56 103 \
30 31 53 104 105 125 28 29 77 120 9 13 60 61 72 73 74 5 48 49 71 117 6 45 46 9\
5 22 23 27 78 79 90 91 16 66 67 89 17 63 2 39 40 44 96 106 32 84 1 10 57 62 50\
 24
48 120 112 16 66 90 95 22 19 83 121 31 32 84 62 56 106 110 2 39 34 35 99 100 1\
25 49 50 101 79 80 73 74 118 9 10 57 51 52 53 113 114 45 67 68 115 96 97 0 91 \
92 124 23 24 75 69 70 71 122 14 63 85 86 123 111 3 4 107 108 36 40 41 93 87 88\
 89 28 29 81 102 103 30 11 12 13 119 8 54 58 59 109 104 105 1 46 47 98 116 5 2\
5 26 27 20 21 72 76 77 117 6 7 64 65 15 42 43 44 37 38 94 17 18 82 60 61 55 33\
 78
49 94 46 66 67 119 109 110 87 63 64 32 84 85 60 124 20 77 120 9 53 104 29 81 8\
2 50 101 102 27 78 108 36 37 95 22 23 70 71 117 47 98 99 68 115 116 43 44 96 8\
 54 55 2 39 40 88 89 17 65 112 113 86 123 15 61 62 111 21 72 73 10 57 58 105 1\
 33 83 121 122 103 30 31 79 80 11 38 90 91 24 75 76 6 7 51 100 125 28 5 48 97 \
0 25 56 106 107 41 93 18 19 69 114 45 16 3 4 42 74 118 59 34 35 14 12 13 92 52\
 26
50 59 100 67 68 38 76 77 105 113 114 84 85 86 12 55 56 93 94 95 117 6 121 122 \
14 101 102 103 25 26 72 73 74 109 110 2 89 17 18 125 28 29 115 116 5 4 42 43 9\
0 91 92 120 9 10 1 33 34 45 46 47 123 15 16 13 60 61 106 107 108 22 23 24 7 51\
 52 63 64 65 30 31 32 27 78 79 118 119 8 39 40 41 19 69 70 81 82 83 48 49 44 9\
6 97 124 20 21 57 58 35 87 88 98 99 66 62 111 3 36 37 75 53 104 112 80 11 54 7\
1 0
51 96 48 19 69 120 62 111 112 16 66 34 35 87 90 95 22 79 80 11 83 121 31 32 84\
 52 53 104 56 106 110 2 39 97 0 25 99 100 125 49 50 101 70 71 117 73 74 118 9 \
10 57 3 4 42 113 114 45 67 68 115 88 89 17 91 92 124 23 24 75 12 13 60 122 14 \
63 85 86 123 105 1 33 107 108 36 40 41 93 26 27 78 28 29 81 102 103 30 6 7 119\
 8 54 58 59 109 43 44 46 47 98 116 5 18 20 21 72 76 77 61 64 65 15 37 38 94 82\
 55
52 61 102 69 70 40 78 79 122 115 116 35 87 88 37 57 58 44 96 97 125 28 86 123 \
15 53 104 105 54 55 24 75 76 62 111 3 114 45 46 103 30 31 71 117 6 21 72 73 41\
 93 94 80 11 12 14 63 64 5 48 49 89 17 18 38 90 91 59 109 110 0 25 26 29 81 82\
 16 66 67 1 33 34 56 106 107 77 120 9 4 42 43 47 98 99 32 84 85 7 51 74 118 11\
9 95 22 23 13 60 65 112 113 50 101 19 92 124 20 2 39 27 83 121 68 108 36 10 10\
0 8
53 27 32 70 71 77 43 44 29 49 50 87 88 89 108 94 95 60 61 62 46 47 66 67 68 10\
4 105 1 119 8 109 110 2 78 79 80 63 64 65 84 85 86 117 6 7 124 20 21 120 9 10 \
96 97 0 81 82 83 101 102 103 17 18 19 36 37 38 22 23 24 111 3 4 98 99 100 115 \
116 5 33 34 35 54 55 56 39 40 41 11 12 13 112 113 114 123 15 16 51 52 72 73 74\
 57 58 59 25 26 121 122 14 30 31 69 90 91 92 75 76 42 125 28 48 106 107 93 45 \
118
54 125 44 21 72 35 114 45 24 61 62 37 38 90 86 52 53 122 14 63 40 41 78 79 80 \
55 56 106 102 103 69 70 71 28 29 81 57 58 59 96 97 0 73 74 118 115 116 5 87 88\
 89 46 47 98 75 76 77 111 3 4 91 92 124 123 15 16 104 105 1 64 65 112 93 94 95\
 11 12 13 107 108 36 30 31 32 117 6 7 82 83 121 109 110 2 25 26 27 119 8 48 49\
 50 17 18 19 99 100 120 9 10 42 43 20 66 67 68 33 34 113 22 23 60 84 85 51 39 \
101
55 113 25 72 73 117 121 122 93 4 42 38 90 91 84 89 17 100 125 28 59 109 12 13 \
60 56 106 107 50 101 105 1 33 114 45 46 76 77 120 26 27 78 74 118 119 67 68 11\
5 6 7 51 14 63 64 94 95 22 43 44 96 92 124 20 85 86 123 18 19 69 29 81 82 110 \
2 39 61 62 111 108 36 37 102 103 30 34 35 87 47 98 99 9 10 57 79 80 11 8 54 11\
6 5 48 52 53 104 65 112 23 24 75 97 0 21 15 16 66 70 71 83 40 41 3 31 32 88 58\
 49
56 83 79 73 74 34 99 100 110 96 97 90 91 92 31 51 52 112 113 114 120 9 62 111 \
3 106 107 108 48 49 19 69 70 121 122 14 95 22 23 80 11 12 118 119 8 16 66 67 3\
5 87 88 125 28 29 2 39 40 0 25 26 124 20 21 32 84 85 53 104 105 45 46 47 10 57\
 58 4 42 43 36 37 38 50 101 102 71 117 6 63 64 65 24 75 76 13 60 61 54 55 68 1\
15 116 89 17 18 81 82 41 93 94 27 78 72 86 123 15 1 33 98 59 109 44 103 30 7 7\
7 5
57 115 54 24 75 125 86 123 44 21 72 40 41 93 35 114 45 102 103 30 61 62 37 38 \
90 58 59 109 52 53 122 14 63 116 5 48 78 79 80 55 56 106 76 77 120 69 70 71 28\
 29 81 15 16 66 96 97 0 73 74 118 94 95 22 87 88 89 46 47 98 31 32 84 111 3 4 \
91 92 124 110 2 39 104 105 1 64 65 112 49 50 101 11 12 13 107 108 36 9 10 117 \
6 7 82 83 121 67 68 25 26 27 119 8 23 17 18 19 99 100 85 42 43 20 33 34 113 60\
 51
58 85 107 75 76 64 101 102 111 118 119 41 93 94 33 81 82 68 115 116 80 11 92 1\
24 20 59 109 110 7 51 47 98 99 86 123 15 97 0 25 108 36 37 77 120 9 18 19 69 6\
5 112 113 103 30 31 3 4 42 8 54 55 95 22 23 34 35 87 83 121 122 5 48 49 12 13 \
60 21 72 73 2 39 40 52 53 104 100 125 28 16 66 67 26 27 78 38 90 91 10 57 70 7\
1 117 114 45 46 32 84 43 44 96 56 106 24 88 89 17 14 63 50 61 62 74 105 1 29 7\
9 6
59 50 38 76 77 100 67 68 12 55 56 93 94 95 105 113 114 84 85 86 25 26 72 73 74\
 109 110 2 117 6 121 122 14 101 102 103 4 42 43 90 91 92 120 9 10 89 17 18 125\
 28 29 115 116 5 13 60 61 106 107 108 22 23 24 1 33 34 45 46 47 123 15 16 27 7\
8 79 118 119 8 39 40 41 7 51 52 63 64 65 30 31 32 44 96 97 124 20 21 57 58 19 \
69 70 81 82 83 48 49 62 111 3 36 37 75 35 87 88 98 99 66 80 11 54 53 104 112 0\
 71
60 87 109 27 78 66 53 104 124 77 120 43 44 96 63 32 84 70 71 117 108 36 94 95 \
22 61 62 111 29 81 49 50 101 88 89 17 119 8 54 110 2 39 79 80 11 46 47 98 67 6\
8 115 105 1 33 20 21 72 9 10 57 97 0 25 64 65 112 85 86 123 6 7 51 37 38 90 23\
 24 75 3 4 42 82 83 121 102 103 30 18 19 69 55 56 106 40 41 93 12 13 99 100 12\
5 116 5 48 34 35 73 74 118 58 59 26 113 114 45 15 16 52 91 92 76 122 14 31 107\
 28
61 52 40 78 79 102 69 70 37 57 58 44 96 97 122 115 116 35 87 88 54 55 24 75 76\
 62 111 3 125 28 86 123 15 53 104 105 21 72 73 41 93 94 80 11 12 114 45 46 103\
 30 31 71 117 6 38 90 91 59 109 110 0 25 26 14 63 64 5 48 49 89 17 18 56 106 1\
07 77 120 9 4 42 43 29 81 82 16 66 67 1 33 34 74 118 119 95 22 23 13 60 47 98 \
99 32 84 85 7 51 92 124 20 2 39 27 65 112 113 50 101 19 108 36 10 83 121 68 8 \
100
62 19 95 79 80 16 34 35 56 110 2 96 97 0 83 31 32 51 52 53 73 74 120 9 10 111 \
3 4 99 100 48 49 50 69 70 71 90 91 92 22 23 24 11 12 13 112 113 114 66 67 68 8\
7 88 89 106 107 108 39 40 41 25 26 27 121 122 14 84 85 86 104 105 1 118 119 8 \
57 58 59 42 43 44 125 28 29 101 102 103 117 6 7 124 20 21 75 76 77 60 61 45 46\
 47 115 116 5 17 18 36 37 38 93 94 78 63 64 65 123 15 33 54 55 109 81 82 30 72\
 98
63 124 53 29 81 27 108 36 32 70 71 46 47 98 77 43 44 119 8 54 49 50 87 88 89 6\
4 65 112 94 95 60 61 62 20 21 72 66 67 68 104 105 1 82 83 121 109 110 2 78 79 \
80 37 38 90 84 85 86 117 6 7 99 100 125 120 9 10 96 97 0 55 56 106 101 102 103\
 17 18 19 113 114 45 22 23 24 111 3 4 73 74 118 115 116 5 33 34 35 122 14 39 4\
0 41 11 12 13 91 92 123 15 16 51 52 28 57 58 59 25 26 107 30 31 69 75 76 42 48\
 93
64 107 33 81 82 111 118 119 101 7 51 47 98 99 75 80 11 92 124 20 68 115 18 19 \
69 65 112 113 41 93 97 0 25 108 36 37 85 86 123 34 35 87 83 121 122 58 59 109 \
3 4 42 8 54 55 102 103 30 52 53 104 100 125 28 76 77 120 12 13 60 21 72 73 116\
 5 48 70 71 117 114 45 46 94 95 22 26 27 78 38 90 91 15 16 66 88 89 17 14 63 1\
10 2 39 43 44 96 56 106 31 32 84 105 1 29 9 10 57 61 62 74 49 50 6 23 24 79 67\
 40
65 74 88 82 83 26 91 92 116 104 105 98 99 100 23 42 43 106 107 108 123 15 71 1\
17 6 112 113 114 39 40 13 60 61 118 119 8 103 30 31 89 17 18 121 122 14 10 57 \
58 27 78 79 124 20 21 5 48 49 1 33 34 125 28 29 24 75 76 44 96 97 36 37 38 16 \
66 67 7 51 52 45 46 47 41 93 94 62 111 3 54 55 56 32 84 85 19 69 70 63 64 59 1\
09 110 80 11 12 72 73 50 101 102 35 87 81 77 120 9 0 25 90 68 115 53 95 22 4 8\
6 2
66 109 63 32 84 124 77 120 53 29 81 49 50 101 27 108 36 94 95 22 70 71 46 47 9\
8 67 68 115 43 44 119 8 54 110 2 39 87 88 89 64 65 112 85 86 123 60 61 62 20 2\
1 72 9 10 57 104 105 1 82 83 121 102 103 30 78 79 80 37 38 90 23 24 75 117 6 7\
 99 100 125 116 5 48 96 97 0 55 56 106 40 41 93 17 18 19 113 114 45 15 16 111 \
3 4 73 74 118 58 59 33 34 35 122 14 31 11 12 13 91 92 76 51 52 28 25 26 107 69\
 42
67 76 113 84 85 55 93 94 117 121 122 50 101 102 25 72 73 59 109 110 89 17 100 \
125 28 68 115 116 4 42 38 90 91 77 120 9 105 1 33 114 45 46 86 123 15 12 13 60\
 56 106 107 95 22 23 6 7 51 14 63 64 103 30 31 26 27 78 74 118 119 2 39 40 18 \
19 69 29 81 82 5 48 49 43 44 96 92 124 20 10 57 58 34 35 87 47 98 99 16 66 61 \
62 111 108 36 37 24 75 52 53 104 65 112 32 79 80 11 8 54 41 70 71 83 97 0 21 8\
8 3
68 41 47 85 86 92 58 59 18 64 65 101 102 103 97 107 108 75 76 77 33 34 81 82 8\
3 115 116 5 111 3 118 119 8 93 94 95 7 51 52 98 99 100 123 15 16 80 11 12 124 \
20 21 109 110 2 19 69 70 112 113 114 30 31 32 0 25 26 36 37 38 120 9 10 35 87 \
88 121 122 14 48 49 50 4 42 43 54 55 56 22 23 24 53 104 105 125 28 29 66 67 13\
 60 61 72 73 74 39 40 71 117 6 45 46 84 27 78 79 90 91 57 89 17 63 44 96 106 1\
 62
69 78 115 35 87 57 44 96 125 86 123 52 53 104 54 24 75 61 62 111 114 45 102 10\
3 30 70 71 117 21 72 40 41 93 79 80 11 122 14 63 116 5 48 88 89 17 37 38 90 58\
 59 109 97 0 25 28 29 81 15 16 66 105 1 33 55 56 106 76 77 120 3 4 42 46 47 98\
 31 32 84 6 7 51 73 74 118 94 95 22 12 13 60 64 65 112 49 50 101 18 19 91 92 1\
24 110 2 39 26 27 82 83 121 67 68 34 107 108 36 9 10 43 99 100 85 119 8 23 113\
 20
70 43 49 87 88 94 60 61 46 66 67 53 104 105 119 109 110 27 78 79 63 64 32 84 8\
5 71 117 6 124 20 77 120 9 44 96 97 29 81 82 50 101 102 89 17 18 108 36 37 95 \
22 23 62 111 3 47 98 99 68 115 116 1 33 34 8 54 55 2 39 40 80 11 12 65 112 113\
 86 123 15 7 51 52 21 72 73 10 57 58 0 25 26 83 121 122 103 30 31 19 69 38 90 \
91 24 75 76 4 42 100 125 28 5 48 35 56 106 107 41 93 13 114 45 16 74 118 59 14\
 92
71 13 103 88 89 10 26 27 65 116 5 104 105 1 74 23 24 42 43 44 82 83 123 15 16 \
117 6 7 91 92 39 40 41 60 61 62 98 99 100 30 31 32 17 18 19 106 107 108 57 58 \
59 78 79 80 112 113 114 48 49 50 33 34 35 118 119 8 75 76 77 96 97 0 121 122 1\
4 66 67 68 51 52 53 124 20 21 93 94 95 111 3 4 125 28 29 84 85 86 69 70 36 37 \
38 109 110 2 11 12 45 46 47 101 102 87 54 55 56 120 9 25 63 64 115 72 73 22 81\
 90
72 121 4 38 90 89 100 125 59 12 13 55 56 106 50 105 1 113 114 45 76 77 25 26 2\
7 73 74 118 67 68 117 6 7 122 14 63 93 94 95 42 43 44 91 92 124 84 85 86 17 18\
 19 28 29 81 109 110 2 60 61 62 107 108 36 101 102 103 33 34 35 46 47 98 120 9\
 10 78 79 80 119 8 54 115 116 5 51 52 53 64 65 112 22 23 24 96 97 0 20 21 123 \
15 16 69 70 71 82 83 39 40 41 111 3 37 30 31 32 87 88 99 57 58 11 48 49 104 75\
 66
73 99 96 90 91 51 112 113 120 62 111 56 106 107 48 19 69 83 121 122 95 22 79 8\
0 11 74 118 119 16 66 34 35 87 100 125 28 110 2 39 97 0 25 92 124 20 31 32 84 \
52 53 104 114 45 46 9 10 57 3 4 42 108 36 37 49 50 101 70 71 117 14 63 64 23 2\
4 75 12 13 60 8 54 55 67 68 115 88 89 17 29 81 82 40 41 93 26 27 78 21 72 85 8\
6 123 105 1 33 47 98 58 59 109 43 44 38 102 103 30 6 7 65 76 77 61 116 5 18 94\
 15
74 65 26 91 92 88 82 83 23 42 43 106 107 108 116 104 105 98 99 100 39 40 13 60\
 61 118 119 8 123 15 71 117 6 112 113 114 10 57 58 27 78 79 124 20 21 103 30 3\
1 89 17 18 121 122 14 24 75 76 44 96 97 36 37 38 5 48 49 1 33 34 125 28 29 41 \
93 94 62 111 3 54 55 56 16 66 67 7 51 52 45 46 47 59 109 110 80 11 12 72 73 32\
 84 85 19 69 70 63 64 77 120 9 0 25 90 50 101 102 35 87 81 95 22 4 68 115 53 2\
 86
75 101 118 41 93 81 68 115 80 92 124 58 59 109 7 47 98 85 86 123 97 0 107 108 \
36 76 77 120 18 19 64 65 112 102 103 30 111 3 4 119 8 54 94 95 22 33 34 35 82 \
83 121 116 5 48 11 12 13 20 21 72 110 2 39 51 52 53 99 100 125 15 16 66 25 26 \
27 37 38 90 9 10 57 69 70 71 113 114 45 31 32 84 42 43 44 55 56 106 23 24 87 8\
8 89 122 14 63 49 50 60 61 62 73 74 40 104 105 1 28 29 67 78 79 91 117 6 46 96\
 17
76 67 55 93 94 113 84 85 25 72 73 59 109 110 117 121 122 50 101 102 4 42 38 90\
 91 77 120 9 89 17 100 125 28 68 115 116 12 13 60 56 106 107 95 22 23 105 1 33\
 114 45 46 86 123 15 26 27 78 74 118 119 2 39 40 6 7 51 14 63 64 103 30 31 43 \
44 96 92 124 20 10 57 58 18 19 69 29 81 82 5 48 49 61 62 111 108 36 37 24 75 3\
4 35 87 47 98 99 16 66 79 80 11 8 54 41 52 53 104 65 112 32 97 0 21 70 71 83 3\
 88
77 32 108 94 95 29 49 50 43 119 8 109 110 2 70 46 47 66 67 68 60 61 124 20 21 \
120 9 10 87 88 63 64 65 84 85 86 27 78 79 36 37 38 22 23 24 53 104 105 81 82 8\
3 101 102 103 44 96 97 54 55 56 39 40 41 71 117 6 98 99 100 115 116 5 62 111 3\
 72 73 74 57 58 59 89 17 18 112 113 114 123 15 16 80 11 12 90 91 92 75 76 1 33\
 34 121 122 14 30 31 0 25 26 106 107 93 7 51 52 125 28 48 4 42 118 19 69 45 13\
 35
78 69 57 44 96 115 35 87 54 24 75 61 62 111 125 86 123 52 53 104 21 72 40 41 9\
3 79 80 11 114 45 102 103 30 70 71 117 37 38 90 58 59 109 97 0 25 122 14 63 11\
6 5 48 88 89 17 55 56 106 76 77 120 3 4 42 28 29 81 15 16 66 105 1 33 73 74 11\
8 94 95 22 12 13 60 46 47 98 31 32 84 6 7 51 91 92 124 110 2 39 26 27 64 65 11\
2 49 50 101 18 19 107 108 36 9 10 43 82 83 121 67 68 34 119 8 23 99 100 85 20 \
113
79 34 110 96 97 31 51 52 73 120 9 62 111 3 99 48 49 19 69 70 90 91 95 22 23 80\
 11 12 112 113 16 66 67 35 87 88 56 106 107 2 39 40 0 25 26 83 121 122 32 84 8\
5 53 104 105 74 118 119 10 57 58 4 42 43 100 125 28 50 101 102 71 117 6 92 124\
 20 24 75 76 13 60 61 114 45 46 68 115 116 89 17 18 108 36 37 41 93 94 27 78 1\
4 63 64 86 123 15 1 33 8 54 55 59 109 44 29 81 82 103 30 7 21 72 77 47 98 5 38\
 65
80 7 41 97 0 68 18 19 92 58 59 111 3 4 47 85 86 33 34 35 107 108 75 76 77 11 1\
2 13 64 65 101 102 103 51 52 53 118 119 8 93 94 95 25 26 27 81 82 83 115 116 5\
 69 70 71 124 20 21 109 110 2 42 43 44 98 99 100 123 15 16 87 88 89 36 37 38 1\
20 9 10 60 61 62 112 113 114 30 31 32 104 105 1 54 55 56 22 23 24 78 79 121 12\
2 14 48 49 50 117 6 72 73 74 39 40 96 125 28 29 66 67 17 90 91 57 45 46 84 106\
 63
81 118 7 47 98 80 92 124 68 18 19 64 65 112 41 97 0 107 108 36 85 86 33 34 35 \
82 83 121 58 59 111 3 4 119 8 54 101 102 103 51 52 53 99 100 125 75 76 77 11 1\
2 13 20 21 72 115 116 5 69 70 71 113 114 45 93 94 95 25 26 27 37 38 90 123 15 \
16 87 88 89 122 14 63 109 110 2 42 43 44 55 56 106 30 31 32 104 105 1 28 29 12\
0 9 10 60 61 62 73 74 48 49 50 117 6 46 22 23 24 78 79 91 66 67 17 39 40 96 84\
 57
82 91 104 98 99 42 106 107 123 71 117 65 112 113 39 13 60 74 118 119 103 30 88\
 89 17 83 121 122 10 57 26 27 78 92 124 20 116 5 48 105 1 33 100 125 28 23 24 \
75 43 44 96 108 36 37 15 16 66 6 7 51 114 45 46 40 41 93 61 62 111 8 54 55 31 \
32 84 18 19 69 14 63 64 58 59 109 79 80 11 21 72 73 49 50 101 34 35 87 29 81 7\
6 77 120 97 0 25 38 90 67 68 115 52 53 47 94 95 22 3 4 56 85 86 70 110 2 12 10\
2 9
83 56 34 99 100 79 73 74 31 51 52 112 113 114 110 96 97 90 91 92 48 49 19 69 7\
0 121 122 14 120 9 62 111 3 106 107 108 16 66 67 35 87 88 125 28 29 95 22 23 8\
0 11 12 118 119 8 32 84 85 53 104 105 45 46 47 2 39 40 0 25 26 124 20 21 50 10\
1 102 71 117 6 63 64 65 10 57 58 4 42 43 36 37 38 68 115 116 89 17 18 81 82 24\
 75 76 13 60 61 54 55 86 123 15 1 33 98 41 93 94 27 78 72 103 30 7 59 109 44 5\
 77
84 93 121 50 101 72 59 109 89 100 125 67 68 115 4 38 90 76 77 120 105 1 113 11\
4 45 85 86 123 12 13 55 56 106 94 95 22 117 6 7 122 14 63 102 103 30 25 26 27 \
73 74 118 110 2 39 17 18 19 28 29 81 116 5 48 42 43 44 91 92 124 9 10 57 33 34\
 35 46 47 98 15 16 66 60 61 62 107 108 36 23 24 75 51 52 53 64 65 112 31 32 78\
 79 80 119 8 54 40 41 69 70 71 82 83 49 96 97 0 20 21 58 87 88 99 111 3 37 104\
 11
85 58 64 101 102 107 75 76 33 81 82 68 115 116 111 118 119 41 93 94 7 51 47 98\
 99 86 123 15 80 11 92 124 20 59 109 110 18 19 69 65 112 113 103 30 31 97 0 25\
 108 36 37 77 120 9 34 35 87 83 121 122 5 48 49 3 4 42 8 54 55 95 22 23 52 53 \
104 100 125 28 16 66 67 12 13 60 21 72 73 2 39 40 70 71 117 114 45 46 32 84 26\
 27 78 38 90 91 10 57 88 89 17 14 63 50 43 44 96 56 106 24 105 1 29 61 62 74 6\
 79
86 24 114 102 103 21 40 41 52 122 14 115 116 5 61 37 38 57 58 59 69 70 125 28 \
29 123 15 16 78 79 54 55 56 75 76 77 35 87 88 45 46 47 30 31 32 44 96 97 72 73\
 74 93 94 95 53 104 105 63 64 65 48 49 50 62 111 3 90 91 92 109 110 2 71 117 6\
 81 82 83 66 67 68 80 11 12 106 107 108 120 9 10 89 17 18 98 99 100 84 85 0 25\
 26 118 119 8 22 23 1 33 34 112 113 101 4 42 43 124 20 39 7 51 121 13 60 36 19\
 27
87 60 66 53 104 109 27 78 63 32 84 70 71 117 124 77 120 43 44 96 29 81 49 50 1\
01 88 89 17 108 36 94 95 22 61 62 111 46 47 98 67 68 115 105 1 33 119 8 54 110\
 2 39 79 80 11 64 65 112 85 86 123 6 7 51 20 21 72 9 10 57 97 0 25 82 83 121 1\
02 103 30 18 19 69 37 38 90 23 24 75 3 4 42 99 100 125 116 5 48 34 35 55 56 10\
6 40 41 93 12 13 113 114 45 15 16 52 73 74 118 58 59 26 122 14 31 91 92 76 28 \
107
88 26 116 104 105 23 42 43 82 123 15 71 117 6 91 39 40 13 60 61 98 99 103 30 3\
1 89 17 18 106 107 10 57 58 27 78 79 65 112 113 5 48 49 1 33 34 74 118 119 24 \
75 76 44 96 97 83 121 122 16 66 67 7 51 52 92 124 20 41 93 94 62 111 3 100 125\
 28 32 84 85 19 69 70 108 36 37 59 109 110 80 11 12 114 45 46 50 101 102 35 87\
 8 54 55 77 120 9 0 25 14 63 64 68 115 53 21 72 73 95 22 4 29 81 86 38 90 2 47\
 56
89 4 50 105 1 59 12 13 100 67 68 117 6 7 38 76 77 25 26 27 113 114 84 85 86 17\
 18 19 55 56 93 94 95 42 43 44 121 122 14 101 102 103 33 34 35 72 73 74 109 11\
0 2 60 61 62 125 28 29 115 116 5 51 52 53 90 91 92 120 9 10 78 79 80 45 46 47 \
123 15 16 69 70 71 106 107 108 22 23 24 96 97 0 63 64 65 30 31 32 87 88 118 11\
9 8 39 40 41 111 3 81 82 83 48 49 104 124 20 21 57 58 11 98 99 66 36 37 75 112\
 54
90 112 62 56 106 19 83 121 95 79 80 73 74 118 16 34 35 99 100 125 110 2 96 97 \
0 91 92 124 31 32 51 52 53 113 114 45 120 9 10 111 3 4 107 108 36 48 49 50 69 \
70 71 122 14 63 22 23 24 11 12 13 119 8 54 66 67 68 87 88 89 28 29 81 39 40 41\
 25 26 27 20 21 72 84 85 86 104 105 1 46 47 98 57 58 59 42 43 44 37 38 101 102\
 103 117 6 7 64 65 75 76 77 60 61 55 115 116 5 17 18 82 93 94 78 123 15 33 109\
 30
91 82 42 106 107 104 98 99 39 13 60 74 118 119 123 71 117 65 112 113 10 57 26 \
27 78 92 124 20 103 30 88 89 17 83 121 122 23 24 75 43 44 96 108 36 37 116 5 4\
8 105 1 33 100 125 28 40 41 93 61 62 111 8 54 55 15 16 66 6 7 51 114 45 46 58 \
59 109 79 80 11 21 72 73 31 32 84 18 19 69 14 63 64 76 77 120 97 0 25 38 90 49\
 50 101 34 35 87 29 81 94 95 22 3 4 56 67 68 115 52 53 47 110 2 12 85 86 70 9 \
102
92 47 97 107 108 18 64 65 58 111 3 118 119 8 85 33 34 81 82 83 75 76 80 11 12 \
124 20 21 101 102 7 51 52 98 99 100 41 93 94 0 25 26 36 37 38 68 115 116 19 69\
 70 112 113 114 59 109 110 4 42 43 54 55 56 86 123 15 35 87 88 121 122 14 77 1\
20 9 13 60 61 72 73 74 103 30 31 53 104 105 125 28 29 95 22 23 27 78 79 90 91 \
5 48 49 71 117 6 45 46 2 39 40 44 96 106 16 66 67 89 17 63 10 57 62 32 84 1 24\
 50
93 84 72 59 109 121 50 101 4 38 90 76 77 120 89 100 125 67 68 115 12 13 55 56 \
106 94 95 22 105 1 113 114 45 85 86 123 25 26 27 73 74 118 110 2 39 117 6 7 12\
2 14 63 102 103 30 42 43 44 91 92 124 9 10 57 17 18 19 28 29 81 116 5 48 60 61\
 62 107 108 36 23 24 75 33 34 35 46 47 98 15 16 66 78 79 80 119 8 54 40 41 51 \
52 53 64 65 112 31 32 96 97 0 20 21 58 69 70 71 82 83 49 111 3 37 87 88 99 11 \
104
94 49 119 109 110 46 66 67 60 124 20 77 120 9 87 63 64 32 84 85 27 78 108 36 3\
7 95 22 23 53 104 29 81 82 50 101 102 43 44 96 8 54 55 2 39 40 70 71 117 47 98\
 99 68 115 116 61 62 111 21 72 73 10 57 58 88 89 17 65 112 113 86 123 15 79 80\
 11 38 90 91 24 75 76 105 1 33 83 121 122 103 30 31 97 0 25 56 106 107 41 93 6\
 7 51 100 125 28 5 48 3 4 42 74 118 59 18 19 69 114 45 16 12 13 92 34 35 14 26\
 52
95 16 56 110 2 83 31 32 79 73 74 120 9 10 34 99 100 48 49 50 96 97 90 91 92 22\
 23 24 51 52 112 113 114 66 67 68 62 111 3 106 107 108 39 40 41 19 69 70 121 1\
22 14 84 85 86 80 11 12 118 119 8 57 58 59 35 87 88 125 28 29 101 102 103 0 25\
 26 124 20 21 75 76 77 53 104 105 45 46 47 115 116 5 4 42 43 36 37 38 93 94 71\
 117 6 63 64 65 123 15 13 60 61 54 55 109 89 17 18 81 82 30 27 78 72 1 33 98 4\
4 7
96 51 120 62 111 48 19 69 90 95 22 79 80 11 112 16 66 34 35 87 56 106 110 2 39\
 97 0 25 83 121 31 32 84 52 53 104 73 74 118 9 10 57 3 4 42 99 100 125 49 50 1\
01 70 71 117 91 92 124 23 24 75 12 13 60 113 114 45 67 68 115 88 89 17 107 108\
 36 40 41 93 26 27 78 122 14 63 85 86 123 105 1 33 119 8 54 58 59 109 43 44 28\
 29 81 102 103 30 6 7 20 21 72 76 77 61 46 47 98 116 5 18 37 38 94 64 65 15 55\
 82
97 18 58 111 3 85 33 34 107 75 76 80 11 12 64 101 102 7 51 52 118 119 41 93 94\
 0 25 26 81 82 68 115 116 19 69 70 92 124 20 59 109 110 4 42 43 47 98 99 86 12\
3 15 35 87 88 108 36 37 77 120 9 13 60 61 65 112 113 103 30 31 53 104 105 8 54\
 55 95 22 23 27 78 79 83 121 122 5 48 49 71 117 6 21 72 73 2 39 40 44 96 100 1\
25 28 16 66 67 89 17 38 90 91 10 57 62 114 45 46 32 84 1 56 106 24 14 63 50 74\
 29
98 106 71 65 112 13 74 118 103 88 89 82 83 121 10 26 27 91 92 124 116 5 104 10\
5 1 99 100 125 23 24 42 43 44 107 108 36 123 15 16 117 6 7 113 114 45 39 40 41\
 60 61 62 119 8 54 30 31 32 17 18 19 122 14 63 57 58 59 78 79 80 20 21 72 48 4\
9 50 33 34 35 28 29 81 75 76 77 96 97 0 37 38 90 66 67 68 51 52 53 46 47 93 94\
 95 111 3 4 55 56 84 85 86 69 70 64 109 110 2 11 12 73 101 102 87 120 9 25 115\
 22
99 73 51 112 113 96 90 91 48 19 69 83 121 122 120 62 111 56 106 107 16 66 34 3\
5 87 100 125 28 95 22 79 80 11 74 118 119 31 32 84 52 53 104 114 45 46 110 2 3\
9 97 0 25 92 124 20 49 50 101 70 71 117 14 63 64 9 10 57 3 4 42 108 36 37 67 6\
8 115 88 89 17 29 81 82 23 24 75 12 13 60 8 54 55 85 86 123 105 1 33 47 98 40 \
41 93 26 27 78 21 72 102 103 30 6 7 65 58 59 109 43 44 38 116 5 18 76 77 61 15\
 94
100 38 105 113 114 12 55 56 67 117 6 121 122 14 76 25 26 72 73 74 84 85 89 17 \
18 125 28 29 93 94 4 42 43 90 91 92 50 101 102 1 33 34 45 46 47 59 109 110 13 \
60 61 106 107 108 68 115 116 7 51 52 63 64 65 77 120 9 27 78 79 118 119 8 86 1\
23 15 19 69 70 81 82 83 95 22 23 44 96 97 124 20 21 103 30 31 35 87 88 98 99 2\
 39 40 62 111 3 36 37 5 48 49 53 104 112 10 57 58 80 11 54 16 66 71 24 75 0 32\
 41
101 75 81 68 115 118 41 93 7 47 98 85 86 123 80 92 124 58 59 109 18 19 64 65 1\
12 102 103 30 97 0 107 108 36 76 77 120 33 34 35 82 83 121 116 5 48 111 3 4 11\
9 8 54 94 95 22 51 52 53 99 100 125 15 16 66 11 12 13 20 21 72 110 2 39 69 70 \
71 113 114 45 31 32 84 25 26 27 37 38 90 9 10 57 87 88 89 122 14 63 49 50 42 4\
3 44 55 56 106 23 24 104 105 1 28 29 67 60 61 62 73 74 40 117 6 46 78 79 91 17\
 96
102 40 122 115 116 37 57 58 69 125 28 86 123 15 78 54 55 24 75 76 35 87 114 45\
 46 103 30 31 44 96 21 72 73 41 93 94 52 53 104 14 63 64 5 48 49 61 62 111 38 \
90 91 59 109 110 70 71 117 29 81 82 16 66 67 79 80 11 56 106 107 77 120 9 88 8\
9 17 47 98 99 32 84 85 97 0 25 74 118 119 95 22 23 105 1 33 65 112 113 50 101 \
3 4 42 92 124 20 2 39 6 7 51 83 121 68 12 13 60 108 36 10 18 19 100 26 27 8 34\
 43
103 10 65 116 5 74 23 24 88 82 83 123 15 16 26 91 92 39 40 41 104 105 98 99 10\
0 30 31 32 42 43 106 107 108 57 58 59 71 117 6 112 113 114 48 49 50 13 60 61 1\
18 119 8 75 76 77 89 17 18 121 122 14 66 67 68 27 78 79 124 20 21 93 94 95 1 3\
3 34 125 28 29 84 85 86 44 96 97 36 37 38 109 110 2 7 51 52 45 46 47 101 102 6\
2 111 3 54 55 56 120 9 19 69 70 63 64 115 80 11 12 72 73 22 35 87 81 0 25 90 5\
3 4
104 42 123 71 117 39 13 60 98 103 30 88 89 17 106 10 57 26 27 78 65 112 116 5 \
48 105 1 33 74 118 23 24 75 43 44 96 82 83 121 15 16 66 6 7 51 91 92 124 40 41\
 93 61 62 111 99 100 125 31 32 84 18 19 69 107 108 36 58 59 109 79 80 11 113 1\
14 45 49 50 101 34 35 87 119 8 54 76 77 120 97 0 25 122 14 63 67 68 115 52 53 \
20 21 72 94 95 22 3 4 28 29 81 85 86 70 37 38 90 110 2 12 46 47 102 55 56 9 64\
 73
105 12 67 117 6 76 25 26 113 84 85 89 17 18 55 93 94 4 42 43 121 122 50 101 10\
2 1 33 34 72 73 59 109 110 13 60 61 100 125 28 68 115 116 7 51 52 38 90 91 77 \
120 9 27 78 79 114 45 46 86 123 15 19 69 70 56 106 107 95 22 23 44 96 97 14 63\
 64 103 30 31 35 87 88 74 118 119 2 39 40 62 111 3 29 81 82 5 48 49 53 104 92 \
124 20 10 57 58 80 11 47 98 99 16 66 71 108 36 37 24 75 0 65 112 32 8 54 41 83\
 21
106 98 13 74 118 71 65 112 10 26 27 91 92 124 103 88 89 82 83 121 23 24 42 43 \
44 107 108 36 116 5 104 105 1 99 100 125 39 40 41 60 61 62 119 8 54 123 15 16 \
117 6 7 113 114 45 57 58 59 78 79 80 20 21 72 30 31 32 17 18 19 122 14 63 75 7\
6 77 96 97 0 37 38 90 48 49 50 33 34 35 28 29 81 93 94 95 111 3 4 55 56 66 67 \
68 51 52 53 46 47 109 110 2 11 12 73 84 85 86 69 70 64 120 9 25 101 102 87 22 \
115
107 64 111 118 119 33 81 82 75 80 11 92 124 20 101 7 51 47 98 99 41 93 97 0 25\
 108 36 37 68 115 18 19 69 65 112 113 58 59 109 3 4 42 8 54 55 85 86 123 34 35\
 87 83 121 122 76 77 120 12 13 60 21 72 73 102 103 30 52 53 104 100 125 28 94 \
95 22 26 27 78 38 90 91 116 5 48 70 71 117 114 45 46 110 2 39 43 44 96 56 106 \
15 16 66 88 89 17 14 63 9 10 57 61 62 74 31 32 84 105 1 29 23 24 79 49 50 6 40\
 67
108 29 43 119 8 70 46 47 94 60 61 124 20 21 49 87 88 63 64 65 109 110 27 78 79\
 36 37 38 66 67 53 104 105 81 82 83 77 120 9 44 96 97 54 55 56 32 84 85 71 117\
 6 98 99 100 95 22 23 62 111 3 72 73 74 50 101 102 89 17 18 112 113 114 2 39 4\
0 80 11 12 90 91 92 68 115 116 1 33 34 121 122 14 10 57 58 0 25 26 106 107 86 \
123 15 7 51 52 125 28 24 75 76 4 42 118 103 30 31 19 69 45 41 93 13 5 48 35 59\
 16
109 66 124 77 120 63 32 84 27 108 36 94 95 22 53 29 81 49 50 101 43 44 119 8 5\
4 110 2 39 70 71 46 47 98 67 68 115 60 61 62 20 21 72 9 10 57 87 88 89 64 65 1\
12 85 86 123 78 79 80 37 38 90 23 24 75 104 105 1 82 83 121 102 103 30 96 97 0\
 55 56 106 40 41 93 117 6 7 99 100 125 116 5 48 111 3 4 73 74 118 58 59 17 18 \
19 113 114 45 15 16 11 12 13 91 92 76 33 34 35 122 14 31 25 26 107 51 52 28 42\
 69
110 31 73 120 9 99 48 49 96 90 91 95 22 23 51 112 113 16 66 67 62 111 56 106 1\
07 2 39 40 19 69 83 121 122 32 84 85 79 80 11 74 118 119 10 57 58 34 35 87 100\
 125 28 50 101 102 97 0 25 92 124 20 24 75 76 52 53 104 114 45 46 68 115 116 3\
 4 42 108 36 37 41 93 94 70 71 117 14 63 64 86 123 15 12 13 60 8 54 55 59 109 \
88 89 17 29 81 82 103 30 26 27 78 21 72 77 105 1 33 47 98 5 43 44 38 6 7 65 61\
 18
111 33 75 80 11 101 7 51 118 41 93 97 0 25 81 68 115 18 19 69 92 124 58 59 109\
 3 4 42 47 98 85 86 123 34 35 87 107 108 36 76 77 120 12 13 60 64 65 112 102 1\
03 30 52 53 104 119 8 54 94 95 22 26 27 78 82 83 121 116 5 48 70 71 117 20 21 \
72 110 2 39 43 44 96 99 100 125 15 16 66 88 89 17 37 38 90 9 10 57 61 62 113 1\
14 45 31 32 84 105 1 55 56 106 23 24 79 122 14 63 49 50 6 73 74 40 28 29 67 91\
 46
112 90 19 83 121 62 56 106 16 34 35 99 100 125 95 79 80 73 74 118 31 32 51 52 \
53 113 114 45 110 2 96 97 0 91 92 124 48 49 50 69 70 71 122 14 63 120 9 10 111\
 3 4 107 108 36 66 67 68 87 88 89 28 29 81 22 23 24 11 12 13 119 8 54 84 85 86\
 104 105 1 46 47 98 39 40 41 25 26 27 20 21 72 101 102 103 117 6 7 64 65 57 58\
 59 42 43 44 37 38 115 116 5 17 18 82 75 76 77 60 61 55 123 15 33 93 94 78 30 \
109
113 55 117 121 122 25 72 73 84 89 17 100 125 28 93 4 42 38 90 91 50 101 105 1 \
33 114 45 46 59 109 12 13 60 56 106 107 67 68 115 6 7 51 14 63 64 76 77 120 26\
 27 78 74 118 119 85 86 123 18 19 69 29 81 82 94 95 22 43 44 96 92 124 20 102 \
103 30 34 35 87 47 98 99 110 2 39 61 62 111 108 36 37 116 5 48 52 53 104 65 11\
2 9 10 57 79 80 11 8 54 15 16 66 70 71 83 23 24 75 97 0 21 31 32 88 40 41 3 49\
 58
114 21 52 122 14 61 37 38 102 69 70 125 28 29 40 78 79 54 55 56 115 116 35 87 \
88 45 46 47 57 58 44 96 97 72 73 74 86 123 15 53 104 105 63 64 65 24 75 76 62 \
111 3 90 91 92 103 30 31 71 117 6 81 82 83 41 93 94 80 11 12 106 107 108 5 48 \
49 89 17 18 98 99 100 59 109 110 0 25 26 118 119 8 16 66 67 1 33 34 112 113 77\
 120 9 4 42 43 124 20 32 84 85 7 51 121 95 22 23 13 60 36 50 101 19 2 39 27 68\
 10
115 57 125 86 123 54 24 75 35 114 45 102 103 30 44 21 72 40 41 93 52 53 122 14\
 63 116 5 48 61 62 37 38 90 58 59 109 69 70 71 28 29 81 15 16 66 78 79 80 55 5\
6 106 76 77 120 87 88 89 46 47 98 31 32 84 96 97 0 73 74 118 94 95 22 104 105 \
1 64 65 112 49 50 101 111 3 4 91 92 124 110 2 39 117 6 7 82 83 121 67 68 11 12\
 13 107 108 36 9 10 17 18 19 99 100 85 25 26 27 119 8 23 33 34 113 42 43 20 51\
 60
116 23 82 123 15 91 39 40 104 98 99 103 30 31 42 106 107 10 57 58 71 117 65 11\
2 113 5 48 49 13 60 74 118 119 24 75 76 88 89 17 83 121 122 16 66 67 26 27 78 \
92 124 20 41 93 94 105 1 33 100 125 28 32 84 85 43 44 96 108 36 37 59 109 110 \
6 7 51 114 45 46 50 101 102 61 62 111 8 54 55 77 120 9 18 19 69 14 63 64 68 11\
5 79 80 11 21 72 73 95 22 34 35 87 29 81 86 97 0 25 38 90 2 52 53 47 3 4 56 70\
 12
117 25 84 89 17 93 4 42 121 50 101 105 1 33 72 59 109 12 13 60 100 125 67 68 1\
15 6 7 51 38 90 76 77 120 26 27 78 113 114 45 85 86 123 18 19 69 55 56 106 94 \
95 22 43 44 96 122 14 63 102 103 30 34 35 87 73 74 118 110 2 39 61 62 111 28 2\
9 81 116 5 48 52 53 104 91 92 124 9 10 57 79 80 11 46 47 98 15 16 66 70 71 107\
 108 36 23 24 75 97 0 64 65 112 31 32 88 119 8 54 40 41 3 82 83 49 20 21 58 99\
 37
118 81 80 92 124 7 47 98 41 97 0 107 108 36 68 18 19 64 65 112 58 59 111 3 4 1\
19 8 54 85 86 33 34 35 82 83 121 75 76 77 11 12 13 20 21 72 101 102 103 51 52 \
53 99 100 125 93 94 95 25 26 27 37 38 90 115 116 5 69 70 71 113 114 45 109 110\
 2 42 43 44 55 56 106 123 15 16 87 88 89 122 14 63 120 9 10 60 61 62 73 74 30 \
31 32 104 105 1 28 29 22 23 24 78 79 91 48 49 50 117 6 46 39 40 96 66 67 17 57\
 84
119 46 60 124 20 87 63 64 109 27 78 108 36 37 66 53 104 29 81 82 77 120 43 44 \
96 8 54 55 32 84 70 71 117 47 98 99 94 95 22 61 62 111 21 72 73 49 50 101 88 8\
9 17 65 112 113 110 2 39 79 80 11 38 90 91 67 68 115 105 1 33 83 121 122 9 10 \
57 97 0 25 56 106 107 85 86 123 6 7 51 100 125 28 23 24 75 3 4 42 74 118 102 1\
03 30 18 19 69 114 45 40 41 93 12 13 92 116 5 48 34 35 14 58 59 26 15 16 52 76\
 31
120 48 90 95 22 112 16 66 62 56 106 110 2 39 19 83 121 31 32 84 79 80 73 74 11\
8 9 10 57 34 35 99 100 125 49 50 101 96 97 0 91 92 124 23 24 75 51 52 53 113 1\
14 45 67 68 115 111 3 4 107 108 36 40 41 93 69 70 71 122 14 63 85 86 123 11 12\
 13 119 8 54 58 59 109 87 88 89 28 29 81 102 103 30 25 26 27 20 21 72 76 77 10\
4 105 1 46 47 98 116 5 42 43 44 37 38 94 117 6 7 64 65 15 60 61 55 17 18 82 78\
 33
121 72 89 100 125 4 38 90 50 105 1 113 114 45 59 12 13 55 56 106 67 68 117 6 7\
 122 14 63 76 77 25 26 27 73 74 118 84 85 86 17 18 19 28 29 81 93 94 95 42 43 \
44 91 92 124 101 102 103 33 34 35 46 47 98 109 110 2 60 61 62 107 108 36 115 1\
16 5 51 52 53 64 65 112 120 9 10 78 79 80 119 8 54 123 15 16 69 70 71 82 83 22\
 23 24 96 97 0 20 21 30 31 32 87 88 99 39 40 41 111 3 37 48 49 104 57 58 11 66\
 75
122 37 69 125 28 78 54 55 115 35 87 114 45 46 57 44 96 21 72 73 86 123 52 53 1\
04 14 63 64 24 75 61 62 111 38 90 91 102 103 30 70 71 117 29 81 82 40 41 93 79\
 80 11 56 106 107 116 5 48 88 89 17 47 98 99 58 59 109 97 0 25 74 118 119 15 1\
6 66 105 1 33 65 112 113 76 77 120 3 4 42 92 124 20 31 32 84 6 7 51 83 121 94 \
95 22 12 13 60 108 36 49 50 101 18 19 100 110 2 39 26 27 8 67 68 34 9 10 43 85\
 23
123 39 98 103 30 106 10 57 71 65 112 116 5 48 13 74 118 23 24 75 88 89 82 83 1\
21 15 16 66 26 27 91 92 124 40 41 93 104 105 1 99 100 125 31 32 84 42 43 44 10\
7 108 36 58 59 109 117 6 7 113 114 45 49 50 101 60 61 62 119 8 54 76 77 120 17\
 18 19 122 14 63 67 68 115 78 79 80 20 21 72 94 95 22 33 34 35 28 29 81 85 86 \
96 97 0 37 38 90 110 2 51 52 53 46 47 102 111 3 4 55 56 9 69 70 64 11 12 73 87\
 25
124 63 27 108 36 53 29 81 77 43 44 119 8 54 32 70 71 46 47 98 94 95 60 61 62 2\
0 21 72 49 50 87 88 89 64 65 112 109 110 2 78 79 80 37 38 90 66 67 68 104 105 \
1 82 83 121 120 9 10 96 97 0 55 56 106 84 85 86 117 6 7 99 100 125 22 23 24 11\
1 3 4 73 74 118 101 102 103 17 18 19 113 114 45 39 40 41 11 12 13 91 92 115 11\
6 5 33 34 35 122 14 57 58 59 25 26 107 123 15 16 51 52 28 75 76 42 30 31 69 93\
 48
125 54 35 114 45 44 21 72 86 52 53 122 14 63 24 61 62 37 38 90 102 103 69 70 7\
1 28 29 81 40 41 78 79 80 55 56 106 115 116 5 87 88 89 46 47 98 57 58 59 96 97\
 0 73 74 118 123 15 16 104 105 1 64 65 112 75 76 77 111 3 4 91 92 124 30 31 32\
 117 6 7 82 83 121 93 94 95 11 12 13 107 108 36 48 49 50 17 18 19 99 100 109 1\
10 2 25 26 27 119 8 66 67 68 33 34 113 120 9 10 42 43 20 84 85 51 22 23 60 101\
 39
