60
C10 x S3
1 2 2 5 3 2 10 2 10 6 5 15 3 10 2 10 10 2 10 30 6 5 15 15 10 10 2 10 10 10 10 \
30 30 5 15 15 10 10 10 10 10 10 10 30 30 15 15 10 10 10 10 10 30 30 15 10 10 1\
0 30 10
0 1 2 33 12 5 39 7 42 20 21 54 4 47 14 27 50 17 30 58 9 10 46 45 36 55 26 15 4\
0 57 18 53 52 3 35 34 24 48 59 6 28 51 8 44 43 23 22 13 37 56 16 41 32 31 11 2\
5 49 29 19 38
0 1 2 3 4 5 6 7 8 9 10 11 12 13 14 15 16 17 18 19 20 21 22 23 24 25 26 27 28 2\
9 30 31 32 33 34 35 36 37 38 39 40 41 42 43 44 45 46 47 48 49 50 51 52 53 54 5\
5 56 57 58 59
1 0 5 6 7 2 3 4 13 14 15 16 17 8 9 10 11 12 24 25 26 27 28 29 18 19 20 21 22 2\
3 36 37 38 39 40 41 30 31 32 33 34 35 47 48 49 50 51 42 43 44 45 46 55 56 57 5\
2 53 54 59 58
2 5 0 8 9 1 13 14 3 4 18 19 20 6 7 24 25 26 10 11 12 30 31 32 15 16 17 36 37 3\
8 21 22 23 42 43 44 27 28 29 47 48 49 33 34 35 52 53 39 40 41 55 56 45 46 58 5\
0 51 59 54 57
3 6 8 10 11 13 15 16 18 19 21 22 23 24 25 27 28 29 30 31 32 33 34 35 36 37 38 \
39 40 41 42 43 44 0 45 46 47 48 49 1 50 51 2 52 53 4 54 5 55 56 7 57 9 58 12 1\
4 59 17 20 26
4 17 9 11 12 26 29 1 19 20 22 23 0 38 5 41 6 7 31 32 2 34 35 3 49 13 14 51 15 \
16 43 44 8 45 46 10 56 24 25 57 27 28 52 53 18 54 21 59 36 37 39 40 58 30 33 4\
7 48 50 42 55
5 2 1 13 14 0 8 9 6 7 24 25 26 3 4 18 19 20 15 16 17 36 37 38 10 11 12 30 31 3\
2 27 28 29 47 48 49 21 22 23 42 43 44 39 40 41 55 56 33 34 35 52 53 50 51 59 4\
5 46 58 57 54
6 3 13 15 16 8 10 11 24 25 27 28 29 18 19 21 22 23 36 37 38 39 40 41 30 31 32 \
33 34 35 47 48 49 1 50 51 42 43 44 0 45 46 5 55 56 7 57 2 52 53 4 54 14 59 17 \
9 58 12 26 20
7 12 14 16 17 20 23 0 25 26 28 29 1 32 2 35 3 4 37 38 5 40 41 6 44 8 9 46 10 1\
1 48 49 13 50 51 15 53 18 19 54 21 22 55 56 24 57 27 58 30 31 33 34 59 36 39 4\
2 43 45 47 52
8 13 3 18 19 6 24 25 10 11 30 31 32 15 16 36 37 38 21 22 23 42 43 44 27 28 29 \
47 48 49 33 34 35 2 52 53 39 40 41 5 55 56 0 45 46 9 58 1 50 51 14 59 4 54 20 \
7 57 26 12 17
9 26 4 19 20 17 38 5 11 12 31 32 2 29 1 49 13 14 22 23 0 43 44 8 41 6 7 56 24 \
25 34 35 3 52 53 18 51 15 16 59 36 37 45 46 10 58 30 57 27 28 47 48 54 21 42 3\
9 40 55 33 50
10 15 18 21 22 24 27 28 30 31 33 34 35 36 37 39 40 41 42 43 44 0 45 46 47 48 4\
9 1 50 51 2 52 53 3 4 54 5 55 56 6 7 57 8 9 58 11 12 13 14 59 16 17 19 20 23 2\
5 26 29 32 38
11 29 19 22 23 38 41 6 31 32 34 35 3 49 13 51 15 16 43 44 8 45 46 10 56 24 25 \
57 27 28 52 53 18 4 54 21 59 36 37 17 39 40 9 58 30 12 33 26 47 48 1 50 20 42 \
0 5 55 7 2 14
12 7 20 23 0 14 16 17 32 2 35 3 4 25 26 28 29 1 44 8 9 46 10 11 37 38 5 40 41 \
6 53 18 19 54 21 22 48 49 13 50 51 15 58 30 31 33 34 55 56 24 57 27 42 43 45 5\
9 36 39 52 47
13 8 6 24 25 3 18 19 15 16 36 37 38 10 11 30 31 32 27 28 29 47 48 49 21 22 23 \
42 43 44 39 40 41 5 55 56 33 34 35 2 52 53 1 50 51 14 59 0 45 46 9 58 7 57 26 \
4 54 20 17 12
14 20 7 25 26 12 32 2 16 17 37 38 5 23 0 44 8 9 28 29 1 48 49 13 35 3 4 53 18 \
19 40 41 6 55 56 24 46 10 11 58 30 31 50 51 15 59 36 54 21 22 42 43 57 27 47 3\
3 34 52 39 45
15 10 24 27 28 18 21 22 36 37 39 40 41 30 31 33 34 35 47 48 49 1 50 51 42 43 4\
4 0 45 46 5 55 56 6 7 57 2 52 53 3 4 54 13 14 59 16 17 8 9 58 11 12 25 26 29 1\
9 20 23 38 32
16 23 25 28 29 32 35 3 37 38 40 41 6 44 8 46 10 11 48 49 13 50 51 15 53 18 19 \
54 21 22 55 56 24 7 57 27 58 30 31 12 33 34 14 59 36 17 39 20 42 43 0 45 26 47\
 1 2 52 4 5 9
17 4 26 29 1 9 11 12 38 5 41 6 7 19 20 22 23 0 49 13 14 51 15 16 31 32 2 34 35\
 3 56 24 25 57 27 28 43 44 8 45 46 10 59 36 37 39 40 52 53 18 54 21 47 48 50 5\
8 30 33 55 42
18 24 10 30 31 15 36 37 21 22 42 43 44 27 28 47 48 49 33 34 35 2 52 53 39 40 4\
1 5 55 56 0 45 46 8 9 58 1 50 51 13 14 59 3 4 54 19 20 6 7 57 25 26 11 12 32 1\
6 17 38 23 29
19 38 11 31 32 29 49 13 22 23 43 44 8 41 6 56 24 25 34 35 3 52 53 18 51 15 16 \
59 36 37 45 46 10 9 58 30 57 27 28 26 47 48 4 54 21 20 42 17 39 40 5 55 12 33 \
2 1 50 14 0 7
20 14 12 32 2 7 25 26 23 0 44 8 9 16 17 37 38 5 35 3 4 53 18 19 28 29 1 48 49 \
13 46 10 11 58 30 31 40 41 6 55 56 24 54 21 22 42 43 50 51 15 59 36 33 34 52 5\
7 27 47 45 39
21 27 30 33 34 36 39 40 42 43 0 45 46 47 48 1 50 51 2 52 53 3 4 54 5 55 56 6 7\
 57 8 9 58 10 11 12 13 14 59 15 16 17 18 19 20 22 23 24 25 26 28 29 31 32 35 3\
7 38 41 44 49
22 41 31 34 35 49 51 15 43 44 45 46 10 56 24 57 27 28 52 53 18 4 54 21 59 36 3\
7 17 39 40 9 58 30 11 12 33 26 47 48 29 1 50 19 20 42 23 0 38 5 55 6 7 32 2 3 \
13 14 16 8 25
23 16 32 35 3 25 28 29 44 8 46 10 11 37 38 40 41 6 53 18 19 54 21 22 48 49 13 \
50 51 15 58 30 31 12 33 34 55 56 24 7 57 27 20 42 43 0 45 14 59 36 17 39 2 52 \
4 26 47 1 9 5
24 18 15 36 37 10 30 31 27 28 47 48 49 21 22 42 43 44 39 40 41 5 55 56 33 34 3\
5 2 52 53 1 50 51 13 14 59 0 45 46 8 9 58 6 7 57 25 26 3 4 54 19 20 16 17 38 1\
1 12 32 29 23
25 32 16 37 38 23 44 8 28 29 48 49 13 35 3 53 18 19 40 41 6 55 56 24 46 10 11 \
58 30 31 50 51 15 14 59 36 54 21 22 20 42 43 7 57 27 26 47 12 33 34 2 52 17 39\
 5 0 45 9 1 4
26 9 17 38 5 4 19 20 29 1 49 13 14 11 12 31 32 2 41 6 7 56 24 25 22 23 0 43 44\
 8 51 15 16 59 36 37 34 35 3 52 53 18 57 27 28 47 48 45 46 10 58 30 39 40 55 5\
4 21 42 50 33
27 21 36 39 40 30 33 34 47 48 1 50 51 42 43 0 45 46 5 55 56 6 7 57 2 52 53 3 4\
 54 13 14 59 15 16 17 8 9 58 10 11 12 24 25 26 28 29 18 19 20 22 23 37 38 41 3\
1 32 35 49 44
28 35 37 40 41 44 46 10 48 49 50 51 15 53 18 54 21 22 55 56 24 7 57 27 58 30 3\
1 12 33 34 14 59 36 16 17 39 20 42 43 23 0 45 25 26 47 29 1 32 2 52 3 4 38 5 6\
 8 9 11 13 19
29 11 38 41 6 19 22 23 49 13 51 15 16 31 32 34 35 3 56 24 25 57 27 28 43 44 8 \
45 46 10 59 36 37 17 39 40 52 53 18 4 54 21 26 47 48 1 50 9 58 30 12 33 5 55 7\
 20 42 0 14 2
30 36 21 42 43 27 47 48 33 34 2 52 53 39 40 5 55 56 0 45 46 8 9 58 1 50 51 13 \
14 59 3 4 54 18 19 20 6 7 57 24 25 26 10 11 12 31 32 15 16 17 37 38 22 23 44 2\
8 29 49 35 41
31 49 22 43 44 41 56 24 34 35 52 53 18 51 15 59 36 37 45 46 10 9 58 30 57 27 2\
8 26 47 48 4 54 21 19 20 42 17 39 40 38 5 55 11 12 33 32 2 29 1 50 13 14 23 0 \
8 6 7 25 3 16
32 25 23 44 8 16 37 38 35 3 53 18 19 28 29 48 49 13 46 10 11 58 30 31 40 41 6 \
55 56 24 54 21 22 20 42 43 50 51 15 14 59 36 12 33 34 2 52 7 57 27 26 47 0 45 \
9 17 39 5 4 1
33 39 42 0 45 47 1 50 2 52 3 4 54 5 55 6 7 57 8 9 58 10 11 12 13 14 59 15 16 1\
7 18 19 20 21 22 23 24 25 26 27 28 29 30 31 32 34 35 36 37 38 40 41 43 44 46 4\
8 49 51 53 56
34 51 43 45 46 56 57 27 52 53 4 54 21 59 36 17 39 40 9 58 30 11 12 33 26 47 48\
 29 1 50 19 20 42 22 23 0 38 5 55 41 6 7 31 32 2 35 3 49 13 14 15 16 44 8 10 2\
4 25 28 18 37
35 28 44 46 10 37 40 41 53 18 54 21 22 48 49 50 51 15 58 30 31 12 33 34 55 56 \
24 7 57 27 20 42 43 23 0 45 14 59 36 16 17 39 32 2 52 3 4 25 26 47 29 1 8 9 11\
 38 5 6 19 13
36 30 27 47 48 21 42 43 39 40 5 55 56 33 34 2 52 53 1 50 51 13 14 59 0 45 46 8\
 9 58 6 7 57 24 25 26 3 4 54 18 19 20 15 16 17 37 38 10 11 12 31 32 28 29 49 2\
2 23 44 41 35
37 44 28 48 49 35 53 18 40 41 55 56 24 46 10 58 30 31 50 51 15 14 59 36 54 21 \
22 20 42 43 7 57 27 25 26 47 12 33 34 32 2 52 16 17 39 38 5 23 0 45 8 9 29 1 1\
3 3 4 19 6 11
38 19 29 49 13 11 31 32 41 6 56 24 25 22 23 43 44 8 51 15 16 59 36 37 34 35 3 \
52 53 18 57 27 28 26 47 48 45 46 10 9 58 30 17 39 40 5 55 4 54 21 20 42 1 50 1\
4 12 33 2 7 0
39 33 47 1 50 42 0 45 5 55 6 7 57 2 52 3 4 54 13 14 59 15 16 17 8 9 58 10 11 1\
2 24 25 26 27 28 29 18 19 20 21 22 23 36 37 38 40 41 30 31 32 34 35 48 49 51 4\
3 44 46 56 53
40 46 48 50 51 53 54 21 55 56 7 57 27 58 30 12 33 34 14 59 36 16 17 39 20 42 4\
3 23 0 45 25 26 47 28 29 1 32 2 52 35 3 4 37 38 5 41 6 44 8 9 10 11 49 13 15 1\
8 19 22 24 31
41 22 49 51 15 31 34 35 56 24 57 27 28 43 44 45 46 10 59 36 37 17 39 40 52 53 \
18 4 54 21 26 47 48 29 1 50 9 58 30 11 12 33 38 5 55 6 7 19 20 42 23 0 13 14 1\
6 32 2 3 25 8
42 47 33 2 52 39 5 55 0 45 8 9 58 1 50 13 14 59 3 4 54 18 19 20 6 7 57 24 25 2\
6 10 11 12 30 31 32 15 16 17 36 37 38 21 22 23 43 44 27 28 29 48 49 34 35 53 4\
0 41 56 46 51
43 56 34 52 53 51 59 36 45 46 9 58 30 57 27 26 47 48 4 54 21 19 20 42 17 39 40\
 38 5 55 11 12 33 31 32 2 29 1 50 49 13 14 22 23 0 44 8 41 6 7 24 25 35 3 18 1\
5 16 37 10 28
44 37 35 53 18 28 48 49 46 10 58 30 31 40 41 55 56 24 54 21 22 20 42 43 50 51 \
15 14 59 36 12 33 34 32 2 52 7 57 27 25 26 47 23 0 45 8 9 16 17 39 38 5 3 4 19\
 29 1 13 11 6
45 57 52 4 54 59 17 39 9 58 11 12 33 26 47 29 1 50 19 20 42 22 23 0 38 5 55 41\
 6 7 31 32 2 34 35 3 49 13 14 51 15 16 43 44 8 46 10 56 24 25 27 28 53 18 21 3\
6 37 40 30 48
46 40 53 54 21 48 50 51 58 30 12 33 34 55 56 7 57 27 20 42 43 23 0 45 14 59 36\
 16 17 39 32 2 52 35 3 4 25 26 47 28 29 1 44 8 9 10 11 37 38 5 41 6 18 19 22 4\
9 13 15 31 24
47 42 39 5 55 33 2 52 1 50 13 14 59 0 45 8 9 58 6 7 57 24 25 26 3 4 54 18 19 2\
0 15 16 17 36 37 38 10 11 12 30 31 32 27 28 29 48 49 21 22 23 43 44 40 41 56 3\
4 35 53 51 46
48 53 40 55 56 46 58 30 50 51 14 59 36 54 21 20 42 43 7 57 27 25 26 47 12 33 3\
4 32 2 52 16 17 39 37 38 5 23 0 45 44 8 9 28 29 1 49 13 35 3 4 18 19 41 6 24 1\
0 11 31 15 22
49 31 41 56 24 22 43 44 51 15 59 36 37 34 35 52 53 18 57 27 28 26 47 48 45 46 \
10 9 58 30 17 39 40 38 5 55 4 54 21 19 20 42 29 1 50 13 14 11 12 33 32 2 6 7 2\
5 23 0 8 16 3
50 54 55 7 57 58 12 33 14 59 16 17 39 20 42 23 0 45 25 26 47 28 29 1 32 2 52 3\
5 3 4 37 38 5 40 41 6 44 8 9 46 10 11 48 49 13 51 15 53 18 19 21 22 56 24 27 3\
0 31 34 36 43
51 34 56 57 27 43 45 46 59 36 17 39 40 52 53 4 54 21 26 47 48 29 1 50 9 58 30 \
11 12 33 38 5 55 41 6 7 19 20 42 22 23 0 49 13 14 15 16 31 32 2 35 3 24 25 28 \
44 8 10 37 18
52 59 45 9 58 57 26 47 4 54 19 20 42 17 39 38 5 55 11 12 33 31 32 2 29 1 50 49\
 13 14 22 23 0 43 44 8 41 6 7 56 24 25 34 35 3 53 18 51 15 16 36 37 46 10 30 2\
7 28 48 21 40
53 48 46 58 30 40 55 56 54 21 20 42 43 50 51 14 59 36 12 33 34 32 2 52 7 57 27\
 25 26 47 23 0 45 44 8 9 16 17 39 37 38 5 35 3 4 18 19 28 29 1 49 13 10 11 31 \
41 6 24 22 15
54 50 58 12 33 55 7 57 20 42 23 0 45 14 59 16 17 39 32 2 52 35 3 4 25 26 47 28\
 29 1 44 8 9 46 10 11 37 38 5 40 41 6 53 18 19 21 22 48 49 13 51 15 30 31 34 5\
6 24 27 43 36
55 58 50 14 59 54 20 42 7 57 25 26 47 12 33 32 2 52 16 17 39 37 38 5 23 0 45 4\
4 8 9 28 29 1 48 49 13 35 3 4 53 18 19 40 41 6 56 24 46 10 11 30 31 51 15 36 2\
1 22 43 27 34
56 43 51 59 36 34 52 53 57 27 26 47 48 45 46 9 58 30 17 39 40 38 5 55 4 54 21 \
19 20 42 29 1 50 49 13 14 11 12 33 31 32 2 41 6 7 24 25 22 23 0 44 8 15 16 37 \
35 3 18 28 10
57 45 59 17 39 52 4 54 26 47 29 1 50 9 58 11 12 33 38 5 55 41 6 7 19 20 42 22 \
23 0 49 13 14 51 15 16 31 32 2 34 35 3 56 24 25 27 28 43 44 8 46 10 36 37 40 5\
3 18 21 48 30
58 55 54 20 42 50 14 59 12 33 32 2 52 7 57 25 26 47 23 0 45 44 8 9 16 17 39 37\
 38 5 35 3 4 53 18 19 28 29 1 48 49 13 46 10 11 30 31 40 41 6 56 24 21 22 43 5\
1 15 36 34 27
59 52 57 26 47 45 9 58 17 39 38 5 55 4 54 19 20 42 29 1 50 49 13 14 11 12 33 3\
1 32 2 41 6 7 56 24 25 22 23 0 43 44 8 51 15 16 36 37 34 35 3 53 18 27 28 48 4\
6 10 30 40 21
