60
C10 x S3
1 2 2 3 3 2 10 10 10 30 30 10 5 10 10 15 15 10 10 10 10 30 30 10 5 10 10 15 15\
 10 2 2 2 6 6 2 5 10 10 15 15 10 10 10 10 30 30 10 5 10 10 15 15 10 10 10 10 3\
0 30 10
0 1 2 4 3 5 54 55 56 58 57 59 48 49 50 52 51 53 42 43 44 46 45 47 36 37 38 40 \
39 41 30 31 32 34 33 35 24 25 26 28 27 29 18 19 20 22 21 23 12 13 14 16 15 17 \
6 7 8 10 9 11
0 1 2 3 4 5 6 7 8 9 10 11 12 13 14 15 16 17 18 19 20 21 22 23 24 25 26 27 28 2\
9 30 31 32 33 34 35 36 37 38 39 40 41 42 43 44 45 46 47 48 49 50 51 52 53 54 5\
5 56 57 58 59
1 0 3 2 5 4 7 6 9 8 11 10 13 12 15 14 17 16 19 18 21 20 23 22 25 24 27 26 29 2\
8 31 30 33 32 35 34 37 36 39 38 41 40 43 42 45 44 47 46 49 48 51 50 53 52 55 5\
4 57 56 59 58
2 4 0 5 1 3 8 10 6 11 7 9 14 16 12 17 13 15 20 22 18 23 19 21 26 28 24 29 25 2\
7 32 34 30 35 31 33 38 40 36 41 37 39 44 46 42 47 43 45 50 52 48 53 49 51 56 5\
8 54 59 55 57
3 5 1 4 0 2 9 11 7 10 6 8 15 17 13 16 12 14 21 23 19 22 18 20 27 29 25 28 24 2\
6 33 35 31 34 30 32 39 41 37 40 36 38 45 47 43 46 42 44 51 53 49 52 48 50 57 5\
9 55 58 54 56
4 2 5 0 3 1 10 8 11 6 9 7 16 14 17 12 15 13 22 20 23 18 21 19 28 26 29 24 27 2\
5 34 32 35 30 33 31 40 38 41 36 39 37 46 44 47 42 45 43 52 50 53 48 51 49 58 5\
6 59 54 57 55
5 3 4 1 2 0 11 9 10 7 8 6 17 15 16 13 14 12 23 21 22 19 20 18 29 27 28 25 26 2\
4 35 33 34 31 32 30 41 39 40 37 38 36 47 45 46 43 44 42 53 51 52 49 50 48 59 5\
7 58 55 56 54
6 7 8 9 10 11 12 13 14 15 16 17 18 19 20 21 22 23 24 25 26 27 28 29 30 31 32 3\
3 34 35 36 37 38 39 40 41 42 43 44 45 46 47 48 49 50 51 52 53 54 55 56 57 58 5\
9 0 1 2 3 4 5
7 6 9 8 11 10 13 12 15 14 17 16 19 18 21 20 23 22 25 24 27 26 29 28 31 30 33 3\
2 35 34 37 36 39 38 41 40 43 42 45 44 47 46 49 48 51 50 53 52 55 54 57 56 59 5\
8 1 0 3 2 5 4
8 10 6 11 7 9 14 16 12 17 13 15 20 22 18 23 19 21 26 28 24 29 25 27 32 34 30 3\
5 31 33 38 40 36 41 37 39 44 46 42 47 43 45 50 52 48 53 49 51 56 58 54 59 55 5\
7 2 4 0 5 1 3
9 11 7 10 6 8 15 17 13 16 12 14 21 23 19 22 18 20 27 29 25 28 24 26 33 35 31 3\
4 30 32 39 41 37 40 36 38 45 47 43 46 42 44 51 53 49 52 48 50 57 59 55 58 54 5\
6 3 5 1 4 0 2
10 8 11 6 9 7 16 14 17 12 15 13 22 20 23 18 21 19 28 26 29 24 27 25 34 32 35 3\
0 33 31 40 38 41 36 39 37 46 44 47 42 45 43 52 50 53 48 51 49 58 56 59 54 57 5\
5 4 2 5 0 3 1
11 9 10 7 8 6 17 15 16 13 14 12 23 21 22 19 20 18 29 27 28 25 26 24 35 33 34 3\
1 32 30 41 39 40 37 38 36 47 45 46 43 44 42 53 51 52 49 50 48 59 57 58 55 56 5\
4 5 3 4 1 2 0
12 13 14 15 16 17 18 19 20 21 22 23 24 25 26 27 28 29 30 31 32 33 34 35 36 37 \
38 39 40 41 42 43 44 45 46 47 48 49 50 51 52 53 54 55 56 57 58 59 0 1 2 3 4 5 \
6 7 8 9 10 11
13 12 15 14 17 16 19 18 21 20 23 22 25 24 27 26 29 28 31 30 33 32 35 34 37 36 \
39 38 41 40 43 42 45 44 47 46 49 48 51 50 53 52 55 54 57 56 59 58 1 0 3 2 5 4 \
7 6 9 8 11 10
14 16 12 17 13 15 20 22 18 23 19 21 26 28 24 29 25 27 32 34 30 35 31 33 38 40 \
36 41 37 39 44 46 42 47 43 45 50 52 48 53 49 51 56 58 54 59 55 57 2 4 0 5 1 3 \
8 10 6 11 7 9
15 17 13 16 12 14 21 23 19 22 18 20 27 29 25 28 24 26 33 35 31 34 30 32 39 41 \
37 40 36 38 45 47 43 46 42 44 51 53 49 52 48 50 57 59 55 58 54 56 3 5 1 4 0 2 \
9 11 7 10 6 8
16 14 17 12 15 13 22 20 23 18 21 19 28 26 29 24 27 25 34 32 35 30 33 31 40 38 \
41 36 39 37 46 44 47 42 45 43 52 50 53 48 51 49 58 56 59 54 57 55 4 2 5 0 3 1 \
10 8 11 6 9 7
17 15 16 13 14 12 23 21 22 19 20 18 29 27 28 25 26 24 35 33 34 31 32 30 41 39 \
40 37 38 36 47 45 46 43 44 42 53 51 52 49 50 48 59 57 58 55 56 54 5 3 4 1 2 0 \
11 9 10 7 8 6
18 19 20 21 22 23 24 25 26 27 28 29 30 31 32 33 34 35 36 37 38 39 40 41 42 43 \
44 45 46 47 48 49 50 51 52 53 54 55 56 57 58 59 0 1 2 3 4 5 6 7 8 9 10 11 12 1\
3 14 15 16 17
19 18 21 20 23 22 25 24 27 26 29 28 31 30 33 32 35 34 37 36 39 38 41 40 43 42 \
45 44 47 46 49 48 51 50 53 52 55 54 57 56 59 58 1 0 3 2 5 4 7 6 9 8 11 10 13 1\
2 15 14 17 16
20 22 18 23 19 21 26 28 24 29 25 27 32 34 30 35 31 33 38 40 36 41 37 39 44 46 \
42 47 43 45 50 52 48 53 49 51 56 58 54 59 55 57 2 4 0 5 1 3 8 10 6 11 7 9 14 1\
6 12 17 13 15
21 23 19 22 18 20 27 29 25 28 24 26 33 35 31 34 30 32 39 41 37 40 36 38 45 47 \
43 46 42 44 51 53 49 52 48 50 57 59 55 58 54 56 3 5 1 4 0 2 9 11 7 10 6 8 15 1\
7 13 16 12 14
22 20 23 18 21 19 28 26 29 24 27 25 34 32 35 30 33 31 40 38 41 36 39 37 46 44 \
47 42 45 43 52 50 53 48 51 49 58 56 59 54 57 55 4 2 5 0 3 1 10 8 11 6 9 7 16 1\
4 17 12 15 13
23 21 22 19 20 18 29 27 28 25 26 24 35 33 34 31 32 30 41 39 40 37 38 36 47 45 \
46 43 44 42 53 51 52 49 50 48 59 57 58 55 56 54 5 3 4 1 2 0 11 9 10 7 8 6 17 1\
5 16 13 14 12
24 25 26 27 28 29 30 31 32 33 34 35 36 37 38 39 40 41 42 43 44 45 46 47 48 49 \
50 51 52 53 54 55 56 57 58 59 0 1 2 3 4 5 6 7 8 9 10 11 12 13 14 15 16 17 18 1\
9 20 21 22 23
25 24 27 26 29 28 31 30 33 32 35 34 37 36 39 38 41 40 43 42 45 44 47 46 49 48 \
51 50 53 52 55 54 57 56 59 58 1 0 3 2 5 4 7 6 9 8 11 10 13 12 15 14 17 16 19 1\
8 21 20 23 22
26 28 24 29 25 27 32 34 30 35 31 33 38 40 36 41 37 39 44 46 42 47 43 45 50 52 \
48 53 49 51 56 58 54 59 55 57 2 4 0 5 1 3 8 10 6 11 7 9 14 16 12 17 13 15 20 2\
2 18 23 19 21
27 29 25 28 24 26 33 35 31 34 30 32 39 41 37 40 36 38 45 47 43 46 42 44 51 53 \
49 52 48 50 57 59 55 58 54 56 3 5 1 4 0 2 9 11 7 10 6 8 15 17 13 16 12 14 21 2\
3 19 22 18 20
28 26 29 24 27 25 34 32 35 30 33 31 40 38 41 36 39 37 46 44 47 42 45 43 52 50 \
53 48 51 49 58 56 59 54 57 55 4 2 5 0 3 1 10 8 11 6 9 7 16 14 17 12 15 13 22 2\
0 23 18 21 19
29 27 28 25 26 24 35 33 34 31 32 30 41 39 40 37 38 36 47 45 46 43 44 42 53 51 \
52 49 50 48 59 57 58 55 56 54 5 3 4 1 2 0 11 9 10 7 8 6 17 15 16 13 14 12 23 2\
1 22 19 20 18
30 31 32 33 34 35 36 37 38 39 40 41 42 43 44 45 46 47 48 49 50 51 52 53 54 55 \
56 57 58 59 0 1 2 3 4 5 6 7 8 9 10 11 12 13 14 15 16 17 18 19 20 21 22 23 24 2\
5 26 27 28 29
31 30 33 32 35 34 37 36 39 38 41 40 43 42 45 44 47 46 49 48 51 50 53 52 55 54 \
57 56 59 58 1 0 3 2 5 4 7 6 9 8 11 10 13 12 15 14 17 16 19 18 21 20 23 22 25 2\
4 27 26 29 28
32 34 30 35 31 33 38 40 36 41 37 39 44 46 42 47 43 45 50 52 48 53 49 51 56 58 \
54 59 55 57 2 4 0 5 1 3 8 10 6 11 7 9 14 16 12 17 13 15 20 22 18 23 19 21 26 2\
8 24 29 25 27
33 35 31 34 30 32 39 41 37 40 36 38 45 47 43 46 42 44 51 53 49 52 48 50 57 59 \
55 58 54 56 3 5 1 4 0 2 9 11 7 10 6 8 15 17 13 16 12 14 21 23 19 22 18 20 27 2\
9 25 28 24 26
34 32 35 30 33 31 40 38 41 36 39 37 46 44 47 42 45 43 52 50 53 48 51 49 58 56 \
59 54 57 55 4 2 5 0 3 1 10 8 11 6 9 7 16 14 17 12 15 13 22 20 23 18 21 19 28 2\
6 29 24 27 25
35 33 34 31 32 30 41 39 40 37 38 36 47 45 46 43 44 42 53 51 52 49 50 48 59 57 \
58 55 56 54 5 3 4 1 2 0 11 9 10 7 8 6 17 15 16 13 14 12 23 21 22 19 20 18 29 2\
7 28 25 26 24
36 37 38 39 40 41 42 43 44 45 46 47 48 49 50 51 52 53 54 55 56 57 58 59 0 1 2 \
3 4 5 6 7 8 9 10 11 12 13 14 15 16 17 18 19 20 21 22 23 24 25 26 27 28 29 30 3\
1 32 33 34 35
37 36 39 38 41 40 43 42 45 44 47 46 49 48 51 50 53 52 55 54 57 56 59 58 1 0 3 \
2 5 4 7 6 9 8 11 10 13 12 15 14 17 16 19 18 21 20 23 22 25 24 27 26 29 28 31 3\
0 33 32 35 34
38 40 36 41 37 39 44 46 42 47 43 45 50 52 48 53 49 51 56 58 54 59 55 57 2 4 0 \
5 1 3 8 10 6 11 7 9 14 16 12 17 13 15 20 22 18 23 19 21 26 28 24 29 25 27 32 3\
4 30 35 31 33
39 41 37 40 36 38 45 47 43 46 42 44 51 53 49 52 48 50 57 59 55 58 54 56 3 5 1 \
4 0 2 9 11 7 10 6 8 15 17 13 16 12 14 21 23 19 22 18 20 27 29 25 28 24 26 33 3\
5 31 34 30 32
40 38 41 36 39 37 46 44 47 42 45 43 52 50 53 48 51 49 58 56 59 54 57 55 4 2 5 \
0 3 1 10 8 11 6 9 7 16 14 17 12 15 13 22 20 23 18 21 19 28 26 29 24 27 25 34 3\
2 35 30 33 31
41 39 40 37 38 36 47 45 46 43 44 42 53 51 52 49 50 48 59 57 58 55 56 54 5 3 4 \
1 2 0 11 9 10 7 8 6 17 15 16 13 14 12 23 21 22 19 20 18 29 27 28 25 26 24 35 3\
3 34 31 32 30
42 43 44 45 46 47 48 49 50 51 52 53 54 55 56 57 58 59 0 1 2 3 4 5 6 7 8 9 10 1\
1 12 13 14 15 16 17 18 19 20 21 22 23 24 25 26 27 28 29 30 31 32 33 34 35 36 3\
7 38 39 40 41
43 42 45 44 47 46 49 48 51 50 53 52 55 54 57 56 59 58 1 0 3 2 5 4 7 6 9 8 11 1\
0 13 12 15 14 17 16 19 18 21 20 23 22 25 24 27 26 29 28 31 30 33 32 35 34 37 3\
6 39 38 41 40
44 46 42 47 43 45 50 52 48 53 49 51 56 58 54 59 55 57 2 4 0 5 1 3 8 10 6 11 7 \
9 14 16 12 17 13 15 20 22 18 23 19 21 26 28 24 29 25 27 32 34 30 35 31 33 38 4\
0 36 41 37 39
45 47 43 46 42 44 51 53 49 52 48 50 57 59 55 58 54 56 3 5 1 4 0 2 9 11 7 10 6 \
8 15 17 13 16 12 14 21 23 19 22 18 20 27 29 25 28 24 26 33 35 31 34 30 32 39 4\
1 37 40 36 38
46 44 47 42 45 43 52 50 53 48 51 49 58 56 59 54 57 55 4 2 5 0 3 1 10 8 11 6 9 \
7 16 14 17 12 15 13 22 20 23 18 21 19 28 26 29 24 27 25 34 32 35 30 33 31 40 3\
8 41 36 39 37
47 45 46 43 44 42 53 51 52 49 50 48 59 57 58 55 56 54 5 3 4 1 2 0 11 9 10 7 8 \
6 17 15 16 13 14 12 23 21 22 19 20 18 29 27 28 25 26 24 35 33 34 31 32 30 41 3\
9 40 37 38 36
48 49 50 51 52 53 54 55 56 57 58 59 0 1 2 3 4 5 6 7 8 9 10 11 12 13 14 15 16 1\
7 18 19 20 21 22 23 24 25 26 27 28 29 30 31 32 33 34 35 36 37 38 39 40 41 42 4\
3 44 45 46 47
49 48 51 50 53 52 55 54 57 56 59 58 1 0 3 2 5 4 7 6 9 8 11 10 13 12 15 14 17 1\
6 19 18 21 20 23 22 25 24 27 26 29 28 31 30 33 32 35 34 37 36 39 38 41 40 43 4\
2 45 44 47 46
50 52 48 53 49 51 56 58 54 59 55 57 2 4 0 5 1 3 8 10 6 11 7 9 14 16 12 17 13 1\
5 20 22 18 23 19 21 26 28 24 29 25 27 32 34 30 35 31 33 38 40 36 41 37 39 44 4\
6 42 47 43 45
51 53 49 52 48 50 57 59 55 58 54 56 3 5 1 4 0 2 9 11 7 10 6 8 15 17 13 16 12 1\
4 21 23 19 22 18 20 27 29 25 28 24 26 33 35 31 34 30 32 39 41 37 40 36 38 45 4\
7 43 46 42 44
52 50 53 48 51 49 58 56 59 54 57 55 4 2 5 0 3 1 10 8 11 6 9 7 16 14 17 12 15 1\
3 22 20 23 18 21 19 28 26 29 24 27 25 34 32 35 30 33 31 40 38 41 36 39 37 46 4\
4 47 42 45 43
53 51 52 49 50 48 59 57 58 55 56 54 5 3 4 1 2 0 11 9 10 7 8 6 17 15 16 13 14 1\
2 23 21 22 19 20 18 29 27 28 25 26 24 35 33 34 31 32 30 41 39 40 37 38 36 47 4\
5 46 43 44 42
54 55 56 57 58 59 0 1 2 3 4 5 6 7 8 9 10 11 12 13 14 15 16 17 18 19 20 21 22 2\
3 24 25 26 27 28 29 30 31 32 33 34 35 36 37 38 39 40 41 42 43 44 45 46 47 48 4\
9 50 51 52 53
55 54 57 56 59 58 1 0 3 2 5 4 7 6 9 8 11 10 13 12 15 14 17 16 19 18 21 20 23 2\
2 25 24 27 26 29 28 31 30 33 32 35 34 37 36 39 38 41 40 43 42 45 44 47 46 49 4\
8 51 50 53 52
56 58 54 59 55 57 2 4 0 5 1 3 8 10 6 11 7 9 14 16 12 17 13 15 20 22 18 23 19 2\
1 26 28 24 29 25 27 32 34 30 35 31 33 38 40 36 41 37 39 44 46 42 47 43 45 50 5\
2 48 53 49 51
57 59 55 58 54 56 3 5 1 4 0 2 9 11 7 10 6 8 15 17 13 16 12 14 21 23 19 22 18 2\
0 27 29 25 28 24 26 33 35 31 34 30 32 39 41 37 40 36 38 45 47 43 46 42 44 51 5\
3 49 52 48 50
58 56 59 54 57 55 4 2 5 0 3 1 10 8 11 6 9 7 16 14 17 12 15 13 22 20 23 18 21 1\
9 28 26 29 24 27 25 34 32 35 30 33 31 40 38 41 36 39 37 46 44 47 42 45 43 52 5\
0 53 48 51 49
59 57 58 55 56 54 5 3 4 1 2 0 11 9 10 7 8 6 17 15 16 13 14 12 23 21 22 19 20 1\
8 29 27 28 25 26 24 35 33 34 31 32 30 41 39 40 37 38 36 47 45 46 43 44 42 53 5\
1 52 49 50 48
