108
(C9 : C3) : C4
1 4 3 2 9 3 12 4 4 4 3 6 9 3 18 6 9 9 3 12 12 12 12 4 4 4 4 4 6 9 3 18 6 9 9 3\
 18 18 6 9 9 12 12 12 12 12 12 12 12 4 4 4 4 4 18 6 9 9 3 18 18 6 9 9 18 18 9 \
12 12 12 12 12 12 12 12 12 12 4 4 4 18 18 6 9 9 18 18 9 18 12 12 12 12 12 12 1\
2 12 4 18 18 9 18 12 12 12 12 18 12
0 7 10 3 39 18 41 1 23 24 2 28 100 58 64 38 17 16 5 20 19 103 68 8 9 49 50 51 \
11 33 35 106 82 29 83 30 37 36 15 4 66 6 73 45 93 43 102 67 91 25 26 27 77 78 \
59 61 63 87 13 54 98 55 84 56 14 88 40 47 22 105 95 74 92 42 71 107 90 52 53 9\
7 86 101 32 34 62 99 80 57 65 96 76 48 72 44 104 70 89 79 60 85 12 81 46 21 94\
 69 31 75
0 1 2 3 4 5 6 7 8 9 10 11 12 13 14 15 16 17 18 19 20 21 22 23 24 25 26 27 28 2\
9 30 31 32 33 34 35 36 37 38 39 40 41 42 43 44 45 46 47 48 49 50 51 52 53 54 5\
5 56 57 58 59 60 61 62 63 64 65 66 67 68 69 70 71 72 73 74 75 76 77 78 79 80 8\
1 82 83 84 85 86 87 88 89 90 91 92 93 94 95 96 97 98 99 100 101 102 103 104 10\
5 106 107
1 3 6 7 8 9 11 0 14 15 19 20 21 22 23 24 25 26 27 28 2 31 32 4 5 36 37 38 41 4\
2 43 44 45 46 47 48 49 50 51 52 53 10 54 55 12 13 59 60 61 16 17 18 64 65 67 6\
8 69 70 71 72 73 74 75 76 77 78 79 29 30 80 81 82 33 34 35 85 86 39 40 88 89 9\
0 91 92 93 94 95 96 97 56 57 58 98 99 62 63 101 66 102 103 104 105 83 84 106 8\
7 107 100
2 6 10 11 12 13 19 20 21 22 0 28 29 30 31 32 33 34 35 1 41 42 43 44 45 46 47 4\
8 3 4 5 54 55 56 57 58 59 60 61 62 63 7 8 9 67 68 69 70 71 72 73 74 75 76 14 1\
5 16 17 18 80 81 82 83 84 85 86 87 23 24 25 26 27 89 90 91 92 93 94 95 96 36 3\
7 38 39 40 98 99 100 101 49 50 51 52 53 102 103 104 105 64 65 66 106 77 78 79 \
107 88 97
3 7 11 0 14 15 20 1 23 24 28 2 31 32 4 5 36 37 38 41 6 44 45 8 9 49 50 51 10 5\
4 55 12 13 59 60 61 16 17 18 64 65 19 67 68 21 22 72 73 74 25 26 27 77 78 29 3\
0 80 81 82 33 34 35 85 86 39 40 88 42 43 89 90 91 46 47 48 94 95 52 53 97 56 5\
7 58 98 99 62 63 101 66 69 70 71 102 103 75 76 105 79 83 84 106 87 92 93 107 9\
6 100 104
4 52 34 14 16 17 46 77 1 79 84 60 62 63 36 37 18 39 40 104 72 48 75 7 97 8 9 2\
5 99 100 29 85 86 2 87 12 38 64 65 0 66 107 43 69 74 94 76 6 96 23 24 49 26 27\
 106 54 30 56 57 11 101 31 13 33 3 88 5 68 89 70 71 92 95 20 105 21 22 50 51 5\
3 55 80 81 58 83 32 59 35 15 90 91 102 93 19 44 45 47 78 82 98 10 61 103 41 42\
 73 28 67
5 27 13 15 17 18 48 51 53 1 30 32 34 35 37 38 39 40 0 71 74 76 6 78 7 79 8 9 5\
5 57 58 60 61 62 63 2 64 65 3 66 4 91 93 19 95 20 96 21 22 97 23 24 25 26 81 8\
2 83 84 10 85 86 11 87 12 88 14 16 103 41 104 42 43 105 44 45 46 47 49 50 52 9\
8 99 28 100 29 101 31 33 36 107 67 68 69 70 72 73 75 77 106 54 56 59 89 90 92 \
94 80 102
6 11 19 20 21 22 28 2 31 32 1 41 42 43 44 45 46 47 48 3 10 54 55 12 13 59 60 6\
1 7 8 9 67 68 69 70 71 72 73 74 75 76 0 14 15 29 30 80 81 82 33 34 35 85 86 23\
 24 25 26 27 89 90 91 92 93 94 95 96 4 5 36 37 38 56 57 58 98 99 62 63 101 49 \
50 51 52 53 102 103 104 105 16 17 18 64 65 83 84 106 87 77 78 79 107 39 40 88 \
100 97 66
7 0 20 1 23 24 2 3 4 5 41 6 44 45 8 9 49 50 51 10 11 12 13 14 15 16 17 18 19 6\
7 68 21 22 72 73 74 25 26 27 77 78 28 29 30 31 32 33 34 35 36 37 38 39 40 42 4\
3 89 90 91 46 47 48 94 95 52 53 97 54 55 56 57 58 59 60 61 62 63 64 65 66 69 7\
0 71 102 103 75 76 105 79 80 81 82 83 84 85 86 87 88 92 93 107 96 98 99 100 10\
1 104 106
8 64 47 23 25 26 59 39 3 88 93 73 75 76 49 50 27 52 53 106 33 61 85 0 66 14 15\
 36 103 104 42 94 95 6 96 21 51 77 78 1 79 100 55 80 35 62 86 11 101 4 5 16 37\
 38 107 67 43 69 70 20 105 44 22 46 7 97 9 30 56 81 82 98 63 2 87 31 32 17 18 \
65 68 89 90 71 92 45 72 48 24 57 58 83 99 28 12 13 60 40 91 102 19 74 84 10 54\
 34 41 29
9 38 22 24 26 27 61 18 65 3 43 45 47 48 50 51 52 53 1 82 35 86 11 40 0 88 14 1\
5 68 70 71 73 74 75 76 6 77 78 7 79 8 58 99 28 63 2 101 31 32 66 4 5 36 37 90 \
91 92 93 19 94 95 20 96 21 97 23 25 84 10 106 54 55 87 12 13 59 60 16 17 64 10\
2 103 41 104 42 105 44 46 49 100 29 30 80 81 33 34 85 39 107 67 69 72 56 57 98\
 62 89 83
10 19 0 28 29 30 1 41 42 43 2 3 4 5 54 55 56 57 58 6 7 8 9 67 68 69 70 71 11 1\
2 13 14 15 16 17 18 80 81 82 83 84 20 21 22 23 24 25 26 27 89 90 91 92 93 31 3\
2 33 34 35 36 37 38 39 40 98 99 100 44 45 46 47 48 49 50 51 52 53 102 103 104 \
59 60 61 62 63 64 65 66 106 72 73 74 75 76 77 78 79 107 85 86 87 88 94 95 96 9\
7 101 105
11 20 28 2 31 32 41 6 44 45 3 10 54 55 12 13 59 60 61 7 19 67 68 21 22 72 73 7\
4 0 14 15 29 30 80 81 82 33 34 35 85 86 1 23 24 42 43 89 90 91 46 47 48 94 95 \
4 5 36 37 38 56 57 58 98 99 62 63 101 8 9 49 50 51 69 70 71 102 103 75 76 105 \
16 17 18 64 65 83 84 106 87 25 26 27 77 78 92 93 107 96 39 40 88 100 52 53 97 \
104 66 79
12 75 57 31 33 34 69 94 6 96 40 81 83 84 59 60 35 62 63 79 89 71 92 20 105 21 \
22 46 65 66 4 98 99 10 100 29 61 85 86 2 87 97 9 25 91 102 93 19 104 44 45 72 \
47 48 88 14 5 16 17 28 106 54 30 56 11 101 13 24 49 26 27 52 103 41 107 42 43 \
73 74 76 15 36 37 18 39 55 80 58 32 50 51 77 53 1 67 68 70 95 38 64 0 82 78 7 \
8 90 3 23
13 48 30 32 34 35 71 74 76 6 5 55 57 58 60 61 62 63 2 27 91 93 19 95 20 96 21 \
22 15 17 18 81 82 83 84 10 85 86 11 87 12 51 53 1 103 41 104 42 43 105 44 45 4\
6 47 37 38 39 40 0 98 99 28 100 29 101 31 33 78 7 79 8 9 107 67 68 69 70 72 73\
 75 64 65 3 66 4 106 54 56 59 97 23 24 25 26 89 90 92 94 88 14 16 80 49 50 52 \
102 36 77
14 77 60 4 36 37 72 52 7 97 99 34 85 86 16 17 38 64 65 107 46 74 94 1 79 23 24\
 49 84 106 54 62 63 11 101 31 18 39 40 3 88 104 68 89 48 75 95 20 105 8 9 25 5\
0 51 100 29 55 80 81 2 87 12 32 59 0 66 15 43 69 90 91 102 76 6 96 44 45 26 27\
 78 30 56 57 82 98 13 33 61 5 70 71 92 103 41 21 22 73 53 58 83 28 35 93 19 67\
 47 10 42
15 51 32 5 37 38 74 27 78 7 55 13 60 61 17 18 64 65 3 91 48 95 20 53 1 97 23 2\
4 30 81 82 34 35 85 86 11 39 40 0 88 14 71 103 41 76 6 105 44 45 79 8 9 49 50 \
57 58 98 99 28 62 63 2 101 31 66 4 36 93 19 107 67 68 96 21 22 72 73 25 26 77 \
83 84 10 106 54 87 12 59 16 104 42 43 89 90 46 47 94 52 100 29 80 33 69 70 102\
 75 56 92
16 26 87 36 18 39 76 50 52 53 83 101 13 33 38 64 40 0 66 42 95 96 21 77 78 1 7\
9 8 98 10 100 32 59 34 35 62 65 3 88 4 5 67 69 70 105 44 22 46 47 7 97 23 9 25\
 28 106 29 30 56 60 61 85 63 2 14 15 17 89 90 71 92 93 45 72 73 48 75 24 49 27\
 54 55 80 57 58 86 11 12 37 91 102 103 19 104 74 94 6 51 81 82 84 31 41 107 43\
 20 99 68
17 25 63 37 39 40 96 49 27 52 29 86 87 12 64 65 0 66 4 92 105 22 46 51 77 53 1\
 79 54 56 57 101 31 13 33 34 3 88 14 5 16 102 19 104 45 72 47 48 75 78 7 97 8 \
9 80 81 58 83 84 32 59 60 35 62 15 36 18 41 107 42 43 69 73 74 94 76 6 23 24 2\
6 82 98 99 10 100 61 85 2 38 67 68 89 70 71 95 20 21 50 28 106 30 11 90 91 93 \
44 55 103
18 9 35 38 40 0 22 24 26 27 58 61 63 2 65 3 66 4 5 43 45 47 48 50 51 52 53 1 8\
2 84 10 86 11 87 12 13 88 14 15 16 17 68 70 71 73 74 75 76 6 77 78 7 79 8 99 2\
8 100 29 30 101 31 32 33 34 36 37 39 90 91 92 93 19 94 95 20 96 21 97 23 25 10\
6 54 55 56 57 59 60 62 64 102 103 41 104 42 105 44 46 49 80 81 83 85 107 67 69\
 72 98 89
19 28 1 41 42 43 3 10 54 55 6 7 8 9 67 68 69 70 71 11 0 14 15 29 30 80 81 82 2\
0 21 22 23 24 25 26 27 89 90 91 92 93 2 31 32 4 5 36 37 38 56 57 58 98 99 44 4\
5 46 47 48 49 50 51 52 53 102 103 104 12 13 59 60 61 16 17 18 64 65 83 84 106 \
72 73 74 75 76 77 78 79 107 33 34 35 85 86 39 40 88 100 94 95 96 97 62 63 101 \
66 105 87
20 2 41 6 44 45 10 11 12 13 7 19 67 68 21 22 72 73 74 0 28 29 30 31 32 33 34 3\
5 1 23 24 42 43 89 90 91 46 47 48 94 95 3 4 5 54 55 56 57 58 59 60 61 62 63 8 \
9 49 50 51 69 70 71 102 103 75 76 105 14 15 16 17 18 80 81 82 83 84 85 86 87 2\
5 26 27 77 78 92 93 107 96 36 37 38 39 40 98 99 100 101 52 53 97 104 64 65 66 \
106 79 88
21 85 70 44 46 47 80 62 11 101 53 90 92 93 72 73 48 75 76 88 56 82 98 2 87 31 \
32 59 78 79 8 102 103 19 104 42 74 94 95 6 96 66 15 36 58 83 99 28 106 12 13 3\
3 60 61 97 23 9 25 26 41 107 67 43 69 20 105 22 5 16 37 38 64 84 10 100 54 55 \
34 35 86 24 49 50 27 52 68 89 71 45 17 18 39 65 3 29 30 81 63 51 77 1 91 40 0 \
14 57 7 4
22 61 43 45 47 48 82 35 86 11 9 68 70 71 73 74 75 76 6 38 58 99 28 63 2 101 31\
 32 24 26 27 90 91 92 93 19 94 95 20 96 21 18 65 3 84 10 106 54 55 87 12 13 59\
 60 50 51 52 53 1 102 103 41 104 42 105 44 46 40 0 88 14 15 100 29 30 80 81 33\
 34 85 77 78 7 79 8 107 67 69 72 66 4 5 36 37 56 57 98 62 97 23 25 89 16 17 64\
 83 49 39
23 39 73 8 49 50 33 64 0 66 103 47 94 95 25 26 51 77 78 100 59 35 62 3 88 4 5 \
16 93 107 67 75 76 20 105 44 27 52 53 7 97 106 30 56 61 85 63 2 87 14 15 36 17\
 18 104 42 68 89 90 6 96 21 45 72 1 79 24 55 80 57 58 83 86 11 101 12 13 37 38\
 40 43 69 70 91 102 22 46 74 9 81 82 98 84 10 31 32 34 65 71 92 41 48 99 28 29\
 60 19 54
24 18 45 9 50 51 35 38 40 0 68 22 73 74 26 27 77 78 7 58 61 63 2 65 3 66 4 5 4\
3 90 91 47 48 94 95 20 52 53 1 97 23 82 84 10 86 11 87 12 13 88 14 15 16 17 70\
 71 102 103 41 75 76 6 105 44 79 8 49 99 28 100 29 30 101 31 32 33 34 36 37 39\
 92 93 19 107 67 96 21 72 25 106 54 55 56 57 59 60 62 64 104 42 89 46 80 81 83\
 85 69 98
25 37 96 49 27 52 86 17 64 65 92 105 22 46 51 77 53 1 79 54 63 101 31 39 40 3 \
88 14 102 19 104 45 72 47 48 75 78 7 97 8 9 29 80 81 87 12 32 59 60 0 66 4 15 \
36 41 107 42 43 69 73 74 94 76 6 23 24 26 56 57 82 98 99 13 33 34 61 85 5 16 3\
8 67 68 89 70 71 95 20 21 50 58 83 84 28 106 35 62 11 18 90 91 93 44 10 100 55\
 2 103 30
26 36 76 50 52 53 101 16 38 64 42 95 96 21 77 78 1 79 8 98 87 32 59 18 39 65 3\
 88 67 69 70 105 44 22 46 47 7 97 23 9 25 83 28 106 13 33 60 61 85 40 0 66 14 \
15 89 90 71 92 93 45 72 73 48 75 24 49 27 10 100 54 55 80 34 35 62 86 11 4 5 3\
7 91 102 103 19 104 74 94 6 51 29 30 56 81 82 63 2 31 17 41 107 43 20 57 58 99\
 12 68 84
27 15 48 51 53 1 32 5 37 38 71 74 76 6 78 7 79 8 9 55 13 60 61 17 18 64 65 3 9\
1 93 19 95 20 96 21 22 97 23 24 25 26 30 81 82 34 35 85 86 11 39 40 0 88 14 10\
3 41 104 42 43 105 44 45 46 47 49 50 52 57 58 98 99 28 62 63 2 101 31 66 4 36 \
107 67 68 69 70 72 73 75 77 83 84 10 106 54 87 12 59 16 89 90 92 94 100 29 80 \
33 102 56
28 41 3 10 54 55 7 19 67 68 11 0 14 15 29 30 80 81 82 20 1 23 24 42 43 89 90 9\
1 2 31 32 4 5 36 37 38 56 57 58 98 99 6 44 45 8 9 49 50 51 69 70 71 102 103 12\
 13 59 60 61 16 17 18 64 65 83 84 106 21 22 72 73 74 25 26 27 77 78 92 93 107 \
33 34 35 85 86 39 40 88 100 46 47 48 94 95 52 53 97 104 62 63 101 66 75 76 105\
 79 87 96
29 92 17 54 56 57 25 102 19 104 63 37 39 40 80 81 58 83 84 96 49 27 52 41 107 \
42 43 69 86 87 12 64 65 0 66 4 82 98 99 10 100 105 22 46 51 77 53 1 79 67 68 8\
9 70 71 101 31 13 33 34 3 88 14 5 16 28 106 30 45 72 47 48 75 78 7 97 8 9 90 9\
1 93 32 59 60 35 62 15 36 18 55 73 74 94 76 6 23 24 26 103 61 85 2 38 95 20 21\
 50 11 44
30 71 5 55 57 58 27 91 93 19 13 15 17 18 81 82 83 84 10 48 51 53 1 103 41 104 \
42 43 32 34 35 37 38 39 40 0 98 99 28 100 29 74 76 6 78 7 79 8 9 107 67 68 69 \
70 60 61 62 63 2 64 65 3 66 4 106 54 56 95 20 96 21 22 97 23 24 25 26 89 90 92\
 85 86 11 87 12 88 14 16 80 105 44 45 46 47 49 50 52 102 101 31 33 36 72 73 75\
 77 59 94
31 94 81 12 59 60 89 75 20 105 65 57 98 99 33 34 61 85 86 97 69 91 102 6 96 44\
 45 72 40 88 14 83 84 28 106 54 35 62 63 11 101 79 24 49 71 92 103 41 107 21 2\
2 46 73 74 66 4 15 36 37 10 100 29 55 80 2 87 32 9 25 50 51 77 93 19 104 67 68\
 47 48 95 5 16 17 38 64 30 56 82 13 26 27 52 78 7 42 43 90 76 18 39 3 58 53 1 \
23 70 0 8
32 74 55 13 60 61 91 48 95 20 15 30 81 82 34 35 85 86 11 51 71 103 41 76 6 105\
 44 45 5 37 38 57 58 98 99 28 62 63 2 101 31 27 78 7 93 19 107 67 68 96 21 22 \
72 73 17 18 64 65 3 83 84 10 106 54 87 12 59 53 1 97 23 24 104 42 43 89 90 46 \
47 94 39 40 0 88 14 100 29 80 33 79 8 9 49 50 69 70 102 75 66 4 36 56 25 26 77\
 92 16 52
33 47 100 59 35 62 93 73 75 76 39 106 30 56 61 85 63 2 87 8 103 104 42 94 95 6\
 96 21 64 0 66 55 80 57 58 83 86 11 101 12 13 23 25 26 107 67 43 69 70 20 105 \
44 22 46 3 88 4 5 16 81 82 98 84 10 31 32 34 49 50 27 52 53 68 89 90 71 92 45 \
72 48 14 15 36 17 18 99 28 29 60 51 77 78 1 79 91 102 19 74 37 38 40 54 7 97 9\
 41 65 24
34 46 84 60 62 63 104 72 48 75 4 99 100 29 85 86 2 87 12 52 107 43 69 74 94 76\
 6 96 14 16 17 106 54 30 56 57 11 101 31 13 33 77 1 79 68 89 70 71 92 95 20 10\
5 21 22 36 37 18 39 40 55 80 81 58 83 32 59 35 7 97 8 9 25 90 91 102 93 19 44 \
45 47 38 64 65 0 66 82 98 10 61 23 24 49 26 27 103 41 42 73 3 88 5 28 50 51 53\
 67 15 78
35 22 58 61 63 2 43 45 47 48 18 82 84 10 86 11 87 12 13 9 68 70 71 73 74 75 76\
 6 38 40 0 99 28 100 29 30 101 31 32 33 34 24 26 27 90 91 92 93 19 94 95 20 96\
 21 65 3 66 4 5 106 54 55 56 57 59 60 62 50 51 52 53 1 102 103 41 104 42 105 4\
4 46 88 14 15 16 17 80 81 83 85 77 78 7 79 8 107 67 69 72 36 37 39 98 97 23 25\
 89 64 49
36 50 101 16 38 64 95 26 77 78 98 87 32 59 18 39 65 3 88 67 76 105 44 52 53 7 \
97 23 83 28 106 13 33 60 61 85 40 0 66 14 15 42 89 90 96 21 45 72 73 1 79 8 24\
 49 10 100 54 55 80 34 35 62 86 11 4 5 37 69 70 91 102 103 22 46 47 74 94 9 25\
 51 29 30 56 81 82 63 2 31 17 71 92 93 41 107 48 75 20 27 57 58 99 12 19 104 6\
8 6 84 43
37 49 86 17 64 65 105 25 51 77 54 63 101 31 39 40 3 88 14 102 96 45 72 27 52 7\
8 7 97 29 80 81 87 12 32 59 60 0 66 4 15 36 92 41 107 22 46 73 74 94 53 1 79 2\
3 24 56 57 82 98 99 13 33 34 61 85 5 16 38 19 104 67 68 89 47 48 75 95 20 8 9 \
50 58 83 84 28 106 35 62 11 18 42 43 69 90 91 76 6 44 26 10 100 55 2 70 71 103\
 21 30 93
38 24 61 18 65 3 45 9 50 51 82 35 86 11 40 0 88 14 15 68 22 73 74 26 27 77 78 \
7 58 99 28 63 2 101 31 32 66 4 5 36 37 43 90 91 47 48 94 95 20 52 53 1 97 23 8\
4 10 106 54 55 87 12 13 59 60 16 17 64 70 71 102 103 41 75 76 6 105 44 79 8 49\
 100 29 30 80 81 33 34 85 39 92 93 19 107 67 96 21 72 25 56 57 98 62 104 42 89\
 46 83 69
39 8 33 64 0 66 47 23 25 26 100 59 35 62 3 88 4 5 16 93 73 75 76 49 50 27 52 5\
3 106 30 56 61 85 63 2 87 14 15 36 17 18 103 104 42 94 95 6 96 21 51 77 78 1 7\
9 55 80 57 58 83 86 11 101 12 13 37 38 40 107 67 43 69 70 20 105 44 22 46 7 97\
 9 81 82 98 84 10 31 32 34 65 68 89 90 71 92 45 72 48 24 99 28 29 60 91 102 19\
 74 54 41
40 79 12 65 66 4 75 97 9 25 57 31 33 34 88 14 5 16 17 69 94 6 96 24 49 26 27 5\
2 81 83 84 59 60 35 62 63 15 36 37 18 39 89 71 92 20 105 21 22 46 50 51 77 53 \
1 98 99 10 100 29 61 85 86 2 87 38 64 0 91 102 93 19 104 44 45 72 47 48 78 7 8\
 28 106 54 30 56 11 101 13 3 103 41 107 42 43 73 74 76 23 55 80 58 32 67 68 70\
 95 82 90
41 10 7 19 67 68 0 28 29 30 20 1 23 24 42 43 89 90 91 2 3 4 5 54 55 56 57 58 6\
 44 45 8 9 49 50 51 69 70 71 102 103 11 12 13 14 15 16 17 18 80 81 82 83 84 21\
 22 72 73 74 25 26 27 77 78 92 93 107 31 32 33 34 35 36 37 38 39 40 98 99 100 \
46 47 48 94 95 52 53 97 104 59 60 61 62 63 64 65 66 106 75 76 105 79 85 86 87 \
88 96 101
42 98 26 67 69 70 36 83 28 106 76 50 52 53 89 90 71 92 93 101 16 38 64 10 100 \
54 55 80 95 96 21 77 78 1 79 8 91 102 103 19 104 87 32 59 18 39 65 3 88 29 30 \
56 81 82 105 44 22 46 47 7 97 23 9 25 41 107 43 13 33 60 61 85 40 0 66 14 15 5\
7 58 99 45 72 73 48 75 24 49 27 68 34 35 62 86 11 4 5 37 84 74 94 6 51 63 2 31\
 17 20 12
43 82 9 68 70 71 38 58 99 28 22 24 26 27 90 91 92 93 19 61 18 65 3 84 10 106 5\
4 55 45 47 48 50 51 52 53 1 102 103 41 104 42 35 86 11 40 0 88 14 15 100 29 30\
 80 81 73 74 75 76 6 77 78 7 79 8 107 67 69 63 2 101 31 32 66 4 5 36 37 56 57 \
98 94 95 20 96 21 97 23 25 89 87 12 13 59 60 16 17 64 83 105 44 46 49 33 34 85\
 39 72 62
44 62 90 21 72 73 56 85 2 87 78 70 102 103 46 47 74 94 95 66 80 58 83 11 101 1\
2 13 33 53 97 23 92 93 41 107 67 48 75 76 20 105 88 5 16 82 98 84 10 100 31 32\
 59 34 35 79 8 24 49 50 19 104 42 68 89 6 96 45 15 36 17 18 39 99 28 106 29 30\
 60 61 63 9 25 26 51 77 43 69 91 22 37 38 64 40 0 54 55 57 86 27 52 7 71 65 3 \
4 81 1 14
45 35 68 22 73 74 58 61 63 2 24 43 90 91 47 48 94 95 20 18 82 84 10 86 11 87 1\
2 13 9 50 51 70 71 102 103 41 75 76 6 105 44 38 40 0 99 28 100 29 30 101 31 32\
 33 34 26 27 77 78 7 92 93 19 107 67 96 21 72 65 3 66 4 5 106 54 55 56 57 59 6\
0 62 52 53 1 97 23 104 42 89 46 88 14 15 16 17 80 81 83 85 79 8 49 69 36 37 39\
 98 25 64
46 60 104 72 48 75 99 34 85 86 52 107 43 69 74 94 76 6 96 14 84 106 54 62 63 1\
1 101 31 77 1 79 68 89 70 71 92 95 20 105 21 22 4 36 37 100 29 55 80 81 2 87 1\
2 32 59 7 97 8 9 25 90 91 102 93 19 44 45 47 16 17 38 64 65 30 56 57 82 98 13 \
33 61 23 24 49 26 27 103 41 42 73 18 39 40 3 88 58 83 28 35 50 51 53 67 0 66 1\
5 10 78 5
47 59 93 73 75 76 106 33 61 85 8 103 104 42 94 95 6 96 21 64 100 55 80 35 62 8\
6 11 101 23 25 26 107 67 43 69 70 20 105 44 22 46 39 3 88 30 56 81 82 98 63 2 \
87 31 32 49 50 27 52 53 68 89 90 71 92 45 72 48 0 66 14 15 36 57 58 83 99 28 1\
2 13 60 51 77 78 1 79 91 102 19 74 4 5 16 37 38 84 10 54 34 7 97 9 41 17 18 65\
 29 24 40
48 32 71 74 76 6 55 13 60 61 27 91 93 19 95 20 96 21 22 15 30 81 82 34 35 85 8\
6 11 51 53 1 103 41 104 42 43 105 44 45 46 47 5 37 38 57 58 98 99 28 62 63 2 1\
01 31 78 7 79 8 9 107 67 68 69 70 72 73 75 17 18 64 65 3 83 84 10 106 54 87 12\
 59 97 23 24 25 26 89 90 92 94 39 40 0 88 14 100 29 80 33 49 50 52 102 66 4 36\
 56 77 16
49 17 105 25 51 77 63 37 39 40 102 96 45 72 27 52 78 7 97 29 86 87 12 64 65 0 \
66 4 92 41 107 22 46 73 74 94 53 1 79 23 24 54 56 57 101 31 13 33 34 3 88 14 5\
 16 19 104 67 68 89 47 48 75 95 20 8 9 50 80 81 58 83 84 32 59 60 35 62 15 36 \
18 42 43 69 90 91 76 6 44 26 82 98 99 10 100 61 85 2 38 70 71 103 21 28 106 30\
 11 93 55
50 16 95 26 77 78 87 36 18 39 67 76 105 44 52 53 7 97 23 83 101 13 33 38 64 40\
 0 66 42 89 90 96 21 45 72 73 1 79 8 24 49 98 10 100 32 59 34 35 62 65 3 88 4 \
5 69 70 91 102 103 22 46 47 74 94 9 25 51 28 106 29 30 56 60 61 85 63 2 14 15 \
17 71 92 93 41 107 48 75 20 27 54 55 80 57 58 86 11 12 37 19 104 68 6 81 82 84\
 31 43 99
51 5 74 27 78 7 13 15 17 18 91 48 95 20 53 1 97 23 24 30 32 34 35 37 38 39 40 \
0 71 103 41 76 6 105 44 45 79 8 9 49 50 55 57 58 60 61 62 63 2 64 65 3 66 4 93\
 19 107 67 68 96 21 22 72 73 25 26 77 81 82 83 84 10 85 86 11 87 12 88 14 16 1\
04 42 43 89 90 46 47 94 52 98 99 28 100 29 101 31 33 36 69 70 102 75 106 54 56\
 59 92 80
52 14 46 77 1 79 60 4 36 37 104 72 48 75 7 97 8 9 25 99 34 85 86 16 17 38 64 6\
5 107 43 69 74 94 76 6 96 23 24 49 26 27 84 106 54 62 63 11 101 31 18 39 40 3 \
88 68 89 70 71 92 95 20 105 21 22 50 51 53 100 29 55 80 81 2 87 12 32 59 0 66 \
15 90 91 102 93 19 44 45 47 78 30 56 57 82 98 13 33 61 5 103 41 42 73 58 83 28\
 35 67 10
53 88 21 78 79 8 85 66 15 36 70 44 46 47 97 23 9 25 26 80 62 11 101 5 16 37 38\
 64 90 92 93 72 73 48 75 76 24 49 50 27 52 56 82 98 2 87 31 32 59 17 18 39 65 \
3 102 103 19 104 42 74 94 95 6 96 51 77 1 58 83 99 28 106 12 13 33 60 61 40 0 \
14 41 107 67 43 69 20 105 22 7 84 10 100 54 55 34 35 86 4 68 89 71 45 29 30 81\
 63 91 57
54 102 37 29 80 81 49 92 41 107 86 17 64 65 56 57 82 98 99 105 25 51 77 19 104\
 67 68 89 63 101 31 39 40 3 88 14 58 83 84 28 106 96 45 72 27 52 78 7 97 42 43\
 69 90 91 87 12 32 59 60 0 66 4 15 36 10 100 55 22 46 73 74 94 53 1 79 23 24 7\
0 71 103 13 33 34 61 85 5 16 38 30 47 48 75 95 20 8 9 50 93 35 62 11 18 76 6 4\
4 26 2 21
55 91 15 30 81 82 51 71 103 41 32 5 37 38 57 58 98 99 28 74 27 78 7 93 19 107 \
67 68 13 60 61 17 18 64 65 3 83 84 10 106 54 48 95 20 53 1 97 23 24 104 42 43 \
89 90 34 35 85 86 11 39 40 0 88 14 100 29 80 76 6 105 44 45 79 8 9 49 50 69 70\
 102 62 63 2 101 31 66 4 36 56 96 21 22 72 73 25 26 77 92 87 12 59 16 46 47 94\
 52 33 75
56 70 66 80 58 83 53 90 92 93 62 88 5 16 82 98 84 10 100 21 78 79 8 102 103 19\
 104 42 85 2 87 15 36 17 18 39 99 28 106 29 30 44 46 47 97 23 9 25 26 41 107 6\
7 43 69 11 101 12 13 33 37 38 64 40 0 54 55 57 72 73 48 75 76 24 49 50 27 52 6\
8 89 71 31 32 59 34 35 65 3 4 81 74 94 95 6 96 51 77 1 91 60 61 63 14 20 105 2\
2 7 86 45
57 69 40 81 83 84 79 89 71 92 12 65 66 4 98 99 10 100 29 75 97 9 25 91 102 93 \
19 104 31 33 34 88 14 5 16 17 28 106 54 30 56 94 6 96 24 49 26 27 52 103 41 10\
7 42 43 59 60 35 62 63 15 36 37 18 39 55 80 58 20 105 21 22 46 50 51 77 53 1 6\
7 68 70 61 85 86 2 87 38 64 0 82 44 45 72 47 48 78 7 8 90 11 101 13 3 73 74 76\
 23 32 95
58 43 18 82 84 10 9 68 70 71 35 38 40 0 99 28 100 29 30 22 24 26 27 90 91 92 9\
3 19 61 63 2 65 3 66 4 5 106 54 55 56 57 45 47 48 50 51 52 53 1 102 103 41 104\
 42 86 11 87 12 13 88 14 15 16 17 80 81 83 73 74 75 76 6 77 78 7 79 8 107 67 6\
9 101 31 32 33 34 36 37 39 98 94 95 20 96 21 97 23 25 89 59 60 62 64 105 44 46\
 49 85 72
59 73 106 33 61 85 103 47 94 95 64 100 55 80 35 62 86 11 101 23 93 107 67 75 7\
6 20 105 44 39 3 88 30 56 81 82 98 63 2 87 31 32 8 49 50 104 42 68 89 90 6 96 \
21 45 72 0 66 14 15 36 57 58 83 99 28 12 13 60 25 26 51 77 78 43 69 70 91 102 \
22 46 74 4 5 16 37 38 84 10 54 34 27 52 53 7 97 71 92 41 48 17 18 65 29 1 79 2\
4 19 40 9
60 72 99 34 85 86 107 46 74 94 14 84 106 54 62 63 11 101 31 77 104 68 89 48 75\
 95 20 105 4 36 37 100 29 55 80 81 2 87 12 32 59 52 7 97 43 69 90 91 102 76 6 \
96 44 45 16 17 38 64 65 30 56 57 82 98 13 33 61 1 79 23 24 49 70 71 92 103 41 \
21 22 73 18 39 40 3 88 58 83 28 35 8 9 25 50 51 93 19 67 47 0 66 15 10 26 27 7\
8 42 5 53
61 45 82 35 86 11 68 22 73 74 38 58 99 28 63 2 101 31 32 24 43 90 91 47 48 94 \
95 20 18 65 3 84 10 106 54 55 87 12 13 59 60 9 50 51 70 71 102 103 41 75 76 6 \
105 44 40 0 88 14 15 100 29 30 80 81 33 34 85 26 27 77 78 7 92 93 19 107 67 96\
 21 72 66 4 5 36 37 56 57 98 62 52 53 1 97 23 104 42 89 46 16 17 64 83 79 8 49\
 69 39 25
62 21 56 85 2 87 70 44 46 47 66 80 58 83 11 101 12 13 33 53 90 92 93 72 73 48 \
75 76 88 5 16 82 98 84 10 100 31 32 59 34 35 78 79 8 102 103 19 104 42 74 94 9\
5 6 96 15 36 17 18 39 99 28 106 29 30 60 61 63 97 23 9 25 26 41 107 67 43 69 2\
0 105 22 37 38 64 40 0 54 55 57 86 24 49 50 27 52 68 89 71 45 65 3 4 81 51 77 \
1 91 14 7
63 96 29 86 87 12 92 105 22 46 17 54 56 57 101 31 13 33 34 25 102 19 104 45 72\
 47 48 75 37 39 40 80 81 58 83 84 32 59 60 35 62 49 27 52 41 107 42 43 69 73 7\
4 94 76 6 64 65 0 66 4 82 98 99 10 100 61 85 2 51 77 53 1 79 67 68 89 70 71 95\
 20 21 3 88 14 5 16 28 106 30 11 78 7 97 8 9 90 91 93 44 15 36 18 55 23 24 26 \
103 38 50
64 23 59 39 3 88 73 8 49 50 106 33 61 85 0 66 14 15 36 103 47 94 95 25 26 51 7\
7 78 100 55 80 35 62 86 11 101 4 5 16 37 38 93 107 67 75 76 20 105 44 27 52 53\
 7 97 30 56 81 82 98 63 2 87 31 32 17 18 65 104 42 68 89 90 6 96 21 45 72 1 79\
 24 57 58 83 99 28 12 13 60 40 43 69 70 91 102 22 46 74 9 84 10 54 34 71 92 41\
 48 29 19
65 97 31 40 88 14 94 79 24 49 81 12 59 60 66 4 15 36 37 89 75 20 105 9 25 50 5\
1 77 57 98 99 33 34 61 85 86 5 16 17 38 64 69 91 102 6 96 44 45 72 26 27 52 78\
 7 83 84 28 106 54 35 62 63 11 101 18 39 3 71 92 103 41 107 21 22 46 73 74 53 \
1 23 10 100 29 55 80 2 87 32 0 93 19 104 67 68 47 48 95 8 30 56 82 13 42 43 90\
 76 58 70
66 53 62 88 5 16 21 78 79 8 56 85 2 87 15 36 17 18 39 70 44 46 47 97 23 9 25 2\
6 80 58 83 11 101 12 13 33 37 38 64 40 0 90 92 93 72 73 48 75 76 24 49 50 27 5\
2 82 98 84 10 100 31 32 59 34 35 65 3 4 102 103 19 104 42 74 94 95 6 96 51 77 \
1 99 28 106 29 30 60 61 63 14 41 107 67 43 69 20 105 22 7 54 55 57 86 68 89 71\
 45 81 91
67 83 50 42 89 90 16 98 10 100 95 26 77 78 69 70 91 102 103 87 36 18 39 28 106\
 29 30 56 76 105 44 52 53 7 97 23 71 92 93 41 107 101 13 33 38 64 40 0 66 54 5\
5 80 57 58 96 21 45 72 73 1 79 8 24 49 19 104 68 32 59 34 35 62 65 3 88 4 5 81\
 82 84 22 46 47 74 94 9 25 51 43 60 61 85 63 2 14 15 17 99 48 75 20 27 86 11 1\
2 37 6 31
68 58 24 43 90 91 18 82 84 10 45 9 50 51 70 71 102 103 41 35 38 40 0 99 28 100\
 29 30 22 73 74 26 27 77 78 7 92 93 19 107 67 61 63 2 65 3 66 4 5 106 54 55 56\
 57 47 48 94 95 20 52 53 1 97 23 104 42 89 86 11 87 12 13 88 14 15 16 17 80 81\
 83 75 76 6 105 44 79 8 49 69 101 31 32 33 34 36 37 39 98 96 21 72 25 59 60 62\
 64 46 85
69 81 79 89 71 92 65 57 98 99 75 97 9 25 91 102 93 19 104 31 40 88 14 83 84 28\
 106 54 94 6 96 24 49 26 27 52 103 41 107 42 43 12 59 60 66 4 15 36 37 10 100 \
29 55 80 20 105 21 22 46 50 51 77 53 1 67 68 70 33 34 61 85 86 5 16 17 38 64 3\
0 56 82 44 45 72 47 48 78 7 8 90 35 62 63 11 101 18 39 3 58 73 74 76 23 2 87 3\
2 0 95 13
70 80 53 90 92 93 88 56 82 98 21 78 79 8 102 103 19 104 42 85 66 15 36 58 83 9\
9 28 106 44 46 47 97 23 9 25 26 41 107 67 43 69 62 11 101 5 16 37 38 64 84 10 \
100 54 55 72 73 48 75 76 24 49 50 27 52 68 89 71 2 87 31 32 59 17 18 39 65 3 2\
9 30 81 74 94 95 6 96 51 77 1 91 12 13 33 60 61 40 0 14 57 20 105 22 7 34 35 8\
6 4 45 63
71 55 27 91 93 19 15 30 81 82 48 51 53 1 103 41 104 42 43 32 5 37 38 57 58 98 \
99 28 74 76 6 78 7 79 8 9 107 67 68 69 70 13 60 61 17 18 64 65 3 83 84 10 106 \
54 95 20 96 21 22 97 23 24 25 26 89 90 92 34 35 85 86 11 39 40 0 88 14 100 29 \
80 105 44 45 46 47 49 50 52 102 62 63 2 101 31 66 4 36 56 72 73 75 77 87 12 59\
 16 94 33
72 34 107 46 74 94 84 60 62 63 77 104 68 89 48 75 95 20 105 4 99 100 29 85 86 \
2 87 12 52 7 97 43 69 90 91 102 76 6 96 44 45 14 16 17 106 54 30 56 57 11 101 \
31 13 33 1 79 23 24 49 70 71 92 103 41 21 22 73 36 37 18 39 40 55 80 81 58 83 \
32 59 35 8 9 25 50 51 93 19 67 47 38 64 65 0 66 82 98 10 61 26 27 78 42 3 88 5\
 28 53 15
73 33 103 47 94 95 100 59 35 62 23 93 107 67 75 76 20 105 44 39 106 30 56 61 8\
5 63 2 87 8 49 50 104 42 68 89 90 6 96 21 45 72 64 0 66 55 80 57 58 83 86 11 1\
01 12 13 25 26 51 77 78 43 69 70 91 102 22 46 74 3 88 4 5 16 81 82 98 84 10 31\
 32 34 27 52 53 7 97 71 92 41 48 14 15 36 17 18 99 28 29 60 1 79 24 19 37 38 4\
0 54 9 65
74 13 91 48 95 20 30 32 34 35 51 71 103 41 76 6 105 44 45 5 55 57 58 60 61 62 \
63 2 27 78 7 93 19 107 67 68 96 21 22 72 73 15 17 18 81 82 83 84 10 85 86 11 8\
7 12 53 1 97 23 24 104 42 43 89 90 46 47 94 37 38 39 40 0 98 99 28 100 29 101 \
31 33 79 8 9 49 50 69 70 102 75 64 65 3 66 4 106 54 56 59 25 26 77 92 88 14 16\
 80 52 36
75 31 69 94 6 96 81 12 59 60 79 89 71 92 20 105 21 22 46 65 57 98 99 33 34 61 \
85 86 97 9 25 91 102 93 19 104 44 45 72 47 48 40 88 14 83 84 28 106 54 35 62 6\
3 11 101 24 49 26 27 52 103 41 107 42 43 73 74 76 66 4 15 36 37 10 100 29 55 8\
0 2 87 32 50 51 77 53 1 67 68 70 95 5 16 17 38 64 30 56 82 13 78 7 8 90 18 39 \
3 58 23 0
76 101 42 95 96 21 98 87 32 59 26 67 69 70 105 44 22 46 47 36 83 28 106 13 33 \
60 61 85 50 52 53 89 90 71 92 93 45 72 73 48 75 16 38 64 10 100 54 55 80 34 35\
 62 86 11 77 78 1 79 8 91 102 103 19 104 74 94 6 18 39 65 3 88 29 30 56 81 82 \
63 2 31 7 97 23 9 25 41 107 43 20 40 0 66 14 15 57 58 99 12 24 49 27 68 4 5 37\
 84 51 17
77 4 72 52 7 97 34 14 16 17 107 46 74 94 1 79 23 24 49 84 60 62 63 36 37 18 39\
 40 104 68 89 48 75 95 20 105 8 9 25 50 51 99 100 29 85 86 2 87 12 38 64 65 0 \
66 43 69 90 91 102 76 6 96 44 45 26 27 78 106 54 30 56 57 11 101 31 13 33 3 88\
 5 70 71 92 103 41 21 22 73 53 55 80 81 58 83 32 59 35 15 93 19 67 47 82 98 10\
 61 42 28
78 66 44 53 97 23 62 88 5 16 90 21 72 73 79 8 24 49 50 56 85 2 87 15 36 17 18 \
39 70 102 103 46 47 74 94 95 9 25 26 51 77 80 58 83 11 101 12 13 33 37 38 64 4\
0 0 92 93 41 107 67 48 75 76 20 105 27 52 7 82 98 84 10 100 31 32 59 34 35 65 \
3 4 19 104 42 68 89 6 96 45 1 99 28 106 29 30 60 61 63 14 43 69 91 22 54 55 57\
 86 71 81
79 65 75 97 9 25 31 40 88 14 69 94 6 96 24 49 26 27 52 81 12 59 60 66 4 15 36 \
37 89 71 92 20 105 21 22 46 50 51 77 53 1 57 98 99 33 34 61 85 86 5 16 17 38 6\
4 91 102 93 19 104 44 45 72 47 48 78 7 8 83 84 28 106 54 35 62 63 11 101 18 39\
 3 103 41 107 42 43 73 74 76 23 10 100 29 55 80 2 87 32 0 67 68 70 95 30 56 82\
 13 90 58
80 90 88 56 82 98 78 70 102 103 85 66 15 36 58 83 99 28 106 44 53 97 23 92 93 \
41 107 67 62 11 101 5 16 37 38 64 84 10 100 54 55 21 72 73 79 8 24 49 50 19 10\
4 42 68 89 2 87 31 32 59 17 18 39 65 3 29 30 81 46 47 74 94 95 9 25 26 51 77 4\
3 69 91 12 13 33 60 61 40 0 14 57 48 75 76 20 105 27 52 7 71 34 35 86 4 6 96 4\
5 1 63 22
81 89 65 57 98 99 97 69 91 102 31 40 88 14 83 84 28 106 54 94 79 24 49 71 92 1\
03 41 107 12 59 60 66 4 15 36 37 10 100 29 55 80 75 20 105 9 25 50 51 77 93 19\
 104 67 68 33 34 61 85 86 5 16 17 38 64 30 56 82 6 96 44 45 72 26 27 52 78 7 4\
2 43 90 35 62 63 11 101 18 39 3 58 21 22 46 73 74 53 1 23 70 2 87 32 0 47 48 9\
5 8 13 76
82 68 38 58 99 28 24 43 90 91 61 18 65 3 84 10 106 54 55 45 9 50 51 70 71 102 \
103 41 35 86 11 40 0 88 14 15 100 29 30 80 81 22 73 74 26 27 77 78 7 92 93 19 \
107 67 63 2 101 31 32 66 4 5 36 37 56 57 98 47 48 94 95 20 52 53 1 97 23 104 4\
2 89 87 12 13 59 60 16 17 64 83 75 76 6 105 44 79 8 49 69 33 34 85 39 96 21 72\
 25 62 46
83 42 16 98 10 100 26 67 69 70 87 36 18 39 28 106 29 30 56 76 50 52 53 89 90 7\
1 92 93 101 13 33 38 64 40 0 66 54 55 80 57 58 95 96 21 77 78 1 79 8 91 102 10\
3 19 104 32 59 34 35 62 65 3 88 4 5 81 82 84 105 44 22 46 47 7 97 23 9 25 41 1\
07 43 60 61 85 63 2 14 15 17 99 45 72 73 48 75 24 49 27 68 86 11 12 37 74 94 6\
 51 31 20
84 104 4 99 100 29 52 107 43 69 34 14 16 17 106 54 30 56 57 46 77 1 79 68 89 7\
0 71 92 60 62 63 36 37 18 39 40 55 80 81 58 83 72 48 75 7 97 8 9 25 90 91 102 \
93 19 85 86 2 87 12 38 64 65 0 66 82 98 10 74 94 76 6 96 23 24 49 26 27 103 41\
 42 11 101 31 13 33 3 88 5 28 95 20 105 21 22 50 51 53 67 32 59 35 15 44 45 47\
 78 61 73
85 44 80 62 11 101 90 21 72 73 88 56 82 98 2 87 31 32 59 78 70 102 103 46 47 7\
4 94 95 66 15 36 58 83 99 28 106 12 13 33 60 61 53 97 23 92 93 41 107 67 48 75\
 76 20 105 5 16 37 38 64 84 10 100 54 55 34 35 86 79 8 24 49 50 19 104 42 68 8\
9 6 96 45 17 18 39 65 3 29 30 81 63 9 25 26 51 77 43 69 91 22 40 0 14 57 27 52\
 7 71 4 1
86 105 54 63 101 31 102 96 45 72 37 29 80 81 87 12 32 59 60 49 92 41 107 22 46\
 73 74 94 17 64 65 56 57 82 98 99 13 33 34 61 85 25 51 77 19 104 67 68 89 47 4\
8 75 95 20 39 40 3 88 14 58 83 84 28 106 35 62 11 27 52 78 7 97 42 43 69 90 91\
 76 6 44 0 66 4 15 36 10 100 55 2 53 1 79 23 24 70 71 103 21 5 16 38 30 8 9 50\
 93 18 26
87 76 83 101 13 33 42 95 96 21 16 98 10 100 32 59 34 35 62 26 67 69 70 105 44 \
22 46 47 36 18 39 28 106 29 30 56 60 61 85 63 2 50 52 53 89 90 71 92 93 45 72 \
73 48 75 38 64 40 0 66 54 55 80 57 58 86 11 12 77 78 1 79 8 91 102 103 19 104 \
74 94 6 65 3 88 4 5 81 82 84 31 7 97 23 9 25 41 107 43 20 14 15 17 99 24 49 27\
 68 37 51
88 78 85 66 15 36 44 53 97 23 80 62 11 101 5 16 37 38 64 90 21 72 73 79 8 24 4\
9 50 56 82 98 2 87 31 32 59 17 18 39 65 3 70 102 103 46 47 74 94 95 9 25 26 51\
 77 58 83 99 28 106 12 13 33 60 61 40 0 14 92 93 41 107 67 48 75 76 20 105 27 \
52 7 84 10 100 54 55 34 35 86 4 19 104 42 68 89 6 96 45 1 29 30 81 63 43 69 91\
 22 57 71
89 57 97 69 91 102 40 81 83 84 94 79 24 49 71 92 103 41 107 12 65 66 4 98 99 1\
0 100 29 75 20 105 9 25 50 51 77 93 19 104 67 68 31 33 34 88 14 5 16 17 28 106\
 54 30 56 6 96 44 45 72 26 27 52 78 7 42 43 90 59 60 35 62 63 15 36 37 18 39 5\
5 80 58 21 22 46 73 74 53 1 23 70 61 85 86 2 87 38 64 0 82 47 48 95 8 11 101 1\
3 3 76 32
90 56 78 70 102 103 66 80 58 83 44 53 97 23 92 93 41 107 67 62 88 5 16 82 98 8\
4 10 100 21 72 73 79 8 24 49 50 19 104 42 68 89 85 2 87 15 36 17 18 39 99 28 1\
06 29 30 46 47 74 94 95 9 25 26 51 77 43 69 91 11 101 12 13 33 37 38 64 40 0 5\
4 55 57 48 75 76 20 105 27 52 7 71 31 32 59 34 35 65 3 4 81 6 96 45 1 60 61 63\
 14 22 86
91 30 51 71 103 41 5 55 57 58 74 27 78 7 93 19 107 67 68 13 15 17 18 81 82 83 \
84 10 48 95 20 53 1 97 23 24 104 42 43 89 90 32 34 35 37 38 39 40 0 98 99 28 1\
00 29 76 6 105 44 45 79 8 9 49 50 69 70 102 60 61 62 63 2 64 65 3 66 4 106 54 \
56 96 21 22 72 73 25 26 77 92 85 86 11 87 12 88 14 16 80 46 47 94 52 101 31 33\
 36 75 59
92 54 25 102 19 104 37 29 80 81 96 49 27 52 41 107 42 43 69 86 17 64 65 56 57 \
82 98 99 105 22 46 51 77 53 1 79 67 68 89 70 71 63 101 31 39 40 3 88 14 58 83 \
84 28 106 45 72 47 48 75 78 7 97 8 9 90 91 93 87 12 32 59 60 0 66 4 15 36 10 1\
00 55 73 74 94 76 6 23 24 26 103 13 33 34 61 85 5 16 38 30 95 20 21 50 35 62 1\
1 18 44 2
93 106 8 103 104 42 64 100 55 80 47 23 25 26 107 67 43 69 70 59 39 3 88 30 56 \
81 82 98 73 75 76 49 50 27 52 53 68 89 90 71 92 33 61 85 0 66 14 15 36 57 58 8\
3 99 28 94 95 6 96 21 51 77 78 1 79 91 102 19 35 62 86 11 101 4 5 16 37 38 84 \
10 54 20 105 44 22 46 7 97 9 41 63 2 87 31 32 17 18 65 29 45 72 48 24 12 13 60\
 40 74 34
94 12 89 75 20 105 57 31 33 34 97 69 91 102 6 96 44 45 72 40 81 83 84 59 60 35\
 62 63 79 24 49 71 92 103 41 107 21 22 46 73 74 65 66 4 98 99 10 100 29 61 85 \
86 2 87 9 25 50 51 77 93 19 104 67 68 47 48 95 88 14 5 16 17 28 106 54 30 56 1\
1 101 13 26 27 52 78 7 42 43 90 76 15 36 37 18 39 55 80 58 32 53 1 23 70 38 64\
 0 82 8 3
95 87 67 76 105 44 83 101 13 33 50 42 89 90 96 21 45 72 73 16 98 10 100 32 59 \
34 35 62 26 77 78 69 70 91 102 103 22 46 47 74 94 36 18 39 28 106 29 30 56 60 \
61 85 63 2 52 53 7 97 23 71 92 93 41 107 48 75 20 38 64 40 0 66 54 55 80 57 58\
 86 11 12 1 79 8 24 49 19 104 68 6 65 3 88 4 5 81 82 84 31 9 25 51 43 14 15 17\
 99 27 37
96 86 92 105 22 46 54 63 101 31 25 102 19 104 45 72 47 48 75 37 29 80 81 87 12\
 32 59 60 49 27 52 41 107 42 43 69 73 74 94 76 6 17 64 65 56 57 82 98 99 13 33\
 34 61 85 51 77 53 1 79 67 68 89 70 71 95 20 21 39 40 3 88 14 58 83 84 28 106 \
35 62 11 78 7 97 8 9 90 91 93 44 0 66 4 15 36 10 100 55 2 23 24 26 103 5 16 38\
 30 50 18
97 40 94 79 24 49 12 65 66 4 89 75 20 105 9 25 50 51 77 57 31 33 34 88 14 5 16\
 17 69 91 102 6 96 44 45 72 26 27 52 78 7 81 83 84 59 60 35 62 63 15 36 37 18 \
39 71 92 103 41 107 21 22 46 73 74 53 1 23 98 99 10 100 29 61 85 86 2 87 38 64\
 0 93 19 104 67 68 47 48 95 8 28 106 54 30 56 11 101 13 3 42 43 90 76 55 80 58\
 32 70 82
98 67 36 83 28 106 50 42 89 90 101 16 38 64 10 100 54 55 80 95 26 77 78 69 70 \
91 102 103 87 32 59 18 39 65 3 88 29 30 56 81 82 76 105 44 52 53 7 97 23 71 92\
 93 41 107 13 33 60 61 85 40 0 66 14 15 57 58 99 96 21 45 72 73 1 79 8 24 49 1\
9 104 68 34 35 62 86 11 4 5 37 84 22 46 47 74 94 9 25 51 43 63 2 31 17 48 75 2\
0 27 12 6
99 107 14 84 106 54 77 104 68 89 60 4 36 37 100 29 55 80 81 72 52 7 97 43 69 9\
0 91 102 34 85 86 16 17 38 64 65 30 56 57 82 98 46 74 94 1 79 23 24 49 70 71 9\
2 103 41 62 63 11 101 31 18 39 40 3 88 58 83 28 48 75 95 20 105 8 9 25 50 51 9\
3 19 67 2 87 12 32 59 0 66 15 10 76 6 96 44 45 26 27 78 42 13 33 61 5 21 22 73\
 53 35 47
100 93 39 106 30 56 8 103 104 42 33 64 0 66 55 80 57 58 83 47 23 25 26 107 67 \
43 69 70 59 35 62 3 88 4 5 16 81 82 98 84 10 73 75 76 49 50 27 52 53 68 89 90 \
71 92 61 85 63 2 87 14 15 36 17 18 99 28 29 94 95 6 96 21 51 77 78 1 79 91 102\
 19 86 11 101 12 13 37 38 40 54 20 105 44 22 46 7 97 9 41 31 32 34 65 45 72 48\
 24 60 74
101 95 98 87 32 59 67 76 105 44 36 83 28 106 13 33 60 61 85 50 42 89 90 96 21 \
45 72 73 16 38 64 10 100 54 55 80 34 35 62 86 11 26 77 78 69 70 91 102 103 22 \
46 47 74 94 18 39 65 3 88 29 30 56 81 82 63 2 31 52 53 7 97 23 71 92 93 41 107\
 48 75 20 40 0 66 14 15 57 58 99 12 1 79 8 24 49 19 104 68 6 4 5 37 84 9 25 51\
 43 17 27
102 29 49 92 41 107 17 54 56 57 105 25 51 77 19 104 67 68 89 63 37 39 40 80 81\
 58 83 84 96 45 72 27 52 78 7 97 42 43 69 90 91 86 87 12 64 65 0 66 4 82 98 99\
 10 100 22 46 73 74 94 53 1 79 23 24 70 71 103 101 31 13 33 34 3 88 14 5 16 28\
 106 30 47 48 75 95 20 8 9 50 93 32 59 60 35 62 15 36 18 55 76 6 44 26 61 85 2\
 38 21 11
103 100 23 93 107 67 39 106 30 56 73 8 49 50 104 42 68 89 90 33 64 0 66 55 80 \
57 58 83 47 94 95 25 26 51 77 78 43 69 70 91 102 59 35 62 3 88 4 5 16 81 82 98\
 84 10 75 76 20 105 44 27 52 53 7 97 71 92 41 61 85 63 2 87 14 15 36 17 18 99 \
28 29 6 96 21 45 72 1 79 24 19 86 11 101 12 13 37 38 40 54 22 46 74 9 31 32 34\
 65 48 60
104 99 52 107 43 69 14 84 106 54 46 77 1 79 68 89 70 71 92 60 4 36 37 100 29 5\
5 80 81 72 48 75 7 97 8 9 25 90 91 102 93 19 34 85 86 16 17 38 64 65 30 56 57 \
82 98 74 94 76 6 96 23 24 49 26 27 103 41 42 62 63 11 101 31 18 39 40 3 88 58 \
83 28 95 20 105 21 22 50 51 53 67 2 87 12 32 59 0 66 15 10 44 45 47 78 13 33 6\
1 5 73 35
105 63 102 96 45 72 29 86 87 12 49 92 41 107 22 46 73 74 94 17 54 56 57 101 31\
 13 33 34 25 51 77 19 104 67 68 89 47 48 75 95 20 37 39 40 80 81 58 83 84 32 5\
9 60 35 62 27 52 78 7 97 42 43 69 90 91 76 6 44 64 65 0 66 4 82 98 99 10 100 6\
1 85 2 53 1 79 23 24 70 71 103 21 3 88 14 5 16 28 106 30 11 8 9 50 93 15 36 18\
 55 26 38
106 103 64 100 55 80 23 93 107 67 59 39 3 88 30 56 81 82 98 73 8 49 50 104 42 \
68 89 90 33 61 85 0 66 14 15 36 57 58 83 99 28 47 94 95 25 26 51 77 78 43 69 7\
0 91 102 35 62 86 11 101 4 5 16 37 38 84 10 54 75 76 20 105 44 27 52 53 7 97 7\
1 92 41 63 2 87 31 32 17 18 65 29 6 96 21 45 72 1 79 24 19 12 13 60 40 22 46 7\
4 9 34 48
107 84 77 104 68 89 4 99 100 29 72 52 7 97 43 69 90 91 102 34 14 16 17 106 54 \
30 56 57 46 74 94 1 79 23 24 49 70 71 92 103 41 60 62 63 36 37 18 39 40 55 80 \
81 58 83 48 75 95 20 105 8 9 25 50 51 93 19 67 85 86 2 87 12 38 64 65 0 66 82 \
98 10 76 6 96 44 45 26 27 78 42 11 101 31 13 33 3 88 5 28 21 22 73 53 32 59 35\
 15 47 61
