156
C13 x A4
1 3 13 2 2 3 39 3 3 13 26 26 2 39 3 3 39 39 39 3 13 26 26 26 39 39 39 3 39 39 \
39 39 13 26 26 26 39 39 39 39 39 39 39 39 13 26 26 26 39 39 39 39 39 39 39 39 \
13 26 26 26 39 39 39 39 39 39 39 39 13 26 26 26 39 39 39 39 39 39 39 39 13 26 \
26 26 39 39 39 39 39 39 39 39 13 26 26 26 39 39 39 39 39 39 39 39 13 26 26 26 \
39 39 39 39 39 39 39 39 13 26 26 26 39 39 39 39 39 39 39 39 13 26 26 26 39 39 \
39 39 39 39 39 39 26 26 26 39 39 39 39 39 39 39 26 39 39 39 39 39
0 5 128 3 4 1 143 27 14 116 140 141 12 136 8 19 132 155 151 15 104 129 130 150\
 124 148 154 7 120 153 144 152 92 117 118 142 112 138 149 147 108 146 133 145 \
80 105 106 131 100 126 139 137 96 135 121 134 68 93 94 119 88 114 127 125 84 1\
23 109 122 56 81 82 107 76 102 115 113 72 111 97 110 44 69 70 95 64 90 103 101\
 60 99 85 98 32 57 58 83 52 78 91 89 48 87 73 86 20 45 46 71 40 66 79 77 36 75\
 61 74 9 33 34 59 28 54 67 65 24 63 49 62 2 21 22 47 16 42 55 53 13 51 37 50 1\
0 11 35 6 30 43 41 39 25 38 23 18 31 29 26 17
0 1 2 3 4 5 6 7 8 9 10 11 12 13 14 15 16 17 18 19 20 21 22 23 24 25 26 27 28 2\
9 30 31 32 33 34 35 36 37 38 39 40 41 42 43 44 45 46 47 48 49 50 51 52 53 54 5\
5 56 57 58 59 60 61 62 63 64 65 66 67 68 69 70 71 72 73 74 75 76 77 78 79 80 8\
1 82 83 84 85 86 87 88 89 90 91 92 93 94 95 96 97 98 99 100 101 102 103 104 10\
5 106 107 108 109 110 111 112 113 114 115 116 117 118 119 120 121 122 123 124 \
125 126 127 128 129 130 131 132 133 134 135 136 137 138 139 140 141 142 143 14\
4 145 146 147 148 149 150 151 152 153 154 155
1 5 6 7 8 0 13 14 15 16 17 18 19 2 3 4 24 25 26 27 28 29 30 31 9 10 11 12 36 3\
7 38 39 40 41 42 43 20 21 22 23 48 49 50 51 52 53 54 55 32 33 34 35 60 61 62 6\
3 64 65 66 67 44 45 46 47 72 73 74 75 76 77 78 79 56 57 58 59 84 85 86 87 88 8\
9 90 91 68 69 70 71 96 97 98 99 100 101 102 103 80 81 82 83 108 109 110 111 11\
2 113 114 115 92 93 94 95 120 121 122 123 124 125 126 127 104 105 106 107 132 \
133 134 135 136 137 138 139 116 117 118 119 143 144 145 146 147 148 149 128 12\
9 130 131 151 152 153 154 140 141 142 155 150
2 6 9 10 11 13 16 17 18 20 21 22 23 24 25 26 28 29 30 31 32 33 34 35 36 37 38 \
39 40 41 42 43 44 45 46 47 48 49 50 51 52 53 54 55 56 57 58 59 60 61 62 63 64 \
65 66 67 68 69 70 71 72 73 74 75 76 77 78 79 80 81 82 83 84 85 86 87 88 89 90 \
91 92 93 94 95 96 97 98 99 100 101 102 103 104 105 106 107 108 109 110 111 112\
 113 114 115 116 117 118 119 120 121 122 123 124 125 126 127 128 129 130 131 1\
32 133 134 135 136 137 138 139 0 140 141 142 143 144 145 146 1 147 148 149 3 4\
 150 5 151 152 153 7 8 154 12 14 15 155 19 27
3 8 10 0 12 27 18 19 1 21 2 23 4 39 15 14 30 31 6 7 33 9 35 11 51 26 25 5 42 4\
3 16 17 45 20 47 22 63 38 37 13 54 55 28 29 57 32 59 34 75 50 49 24 66 67 40 4\
1 69 44 71 46 87 62 61 36 78 79 52 53 81 56 83 58 99 74 73 48 90 91 64 65 93 6\
8 95 70 111 86 85 60 102 103 76 77 105 80 107 82 123 98 97 72 114 115 88 89 11\
7 92 119 94 135 110 109 84 126 127 100 101 129 104 131 106 146 122 121 96 138 \
139 112 113 140 116 142 118 153 134 133 108 148 149 124 125 128 150 130 155 14\
5 144 120 154 136 137 141 152 151 132 147 143
4 19 11 12 0 14 31 8 7 22 23 2 3 25 5 27 43 18 17 1 34 35 9 10 37 13 39 15 55 \
30 29 6 46 47 20 21 49 24 51 26 67 42 41 16 58 59 32 33 61 36 63 38 79 54 53 2\
8 70 71 44 45 73 48 75 50 91 66 65 40 82 83 56 57 85 60 87 62 103 78 77 52 94 \
95 68 69 97 72 99 74 115 90 89 64 106 107 80 81 109 84 111 86 127 102 101 76 1\
18 119 92 93 121 96 123 98 139 114 113 88 130 131 104 105 133 108 135 110 149 \
126 125 100 141 142 116 117 144 120 146 122 154 138 137 112 150 128 129 151 13\
2 153 134 148 147 124 140 143 155 145 136 152
5 0 13 14 15 1 2 3 4 24 25 26 27 6 7 8 9 10 11 12 36 37 38 39 16 17 18 19 20 2\
1 22 23 48 49 50 51 28 29 30 31 32 33 34 35 60 61 62 63 40 41 42 43 44 45 46 4\
7 72 73 74 75 52 53 54 55 56 57 58 59 84 85 86 87 64 65 66 67 68 69 70 71 96 9\
7 98 99 76 77 78 79 80 81 82 83 108 109 110 111 88 89 90 91 92 93 94 95 120 12\
1 122 123 100 101 102 103 104 105 106 107 132 133 134 135 112 113 114 115 116 \
117 118 119 143 144 145 146 124 125 126 127 128 129 130 131 151 152 153 136 13\
7 138 139 140 141 142 155 147 148 149 150 154
6 13 16 17 18 2 24 25 26 28 29 30 31 9 10 11 36 37 38 39 40 41 42 43 20 21 22 \
23 48 49 50 51 52 53 54 55 32 33 34 35 60 61 62 63 64 65 66 67 44 45 46 47 72 \
73 74 75 76 77 78 79 56 57 58 59 84 85 86 87 88 89 90 91 68 69 70 71 96 97 98 \
99 100 101 102 103 80 81 82 83 108 109 110 111 112 113 114 115 92 93 94 95 120\
 121 122 123 124 125 126 127 104 105 106 107 132 133 134 135 136 137 138 139 1\
16 117 118 119 143 144 145 146 1 147 148 149 128 129 130 131 5 151 152 153 7 8\
 154 0 140 141 142 14 15 155 19 3 4 150 27 12
7 15 17 1 19 12 26 27 5 29 6 31 8 23 4 3 38 39 13 14 41 16 43 18 35 11 10 0 50\
 51 24 25 53 28 55 30 47 22 21 2 62 63 36 37 65 40 67 42 59 34 33 9 74 75 48 4\
9 77 52 79 54 71 46 45 20 86 87 60 61 89 64 91 66 83 58 57 32 98 99 72 73 101 \
76 103 78 95 70 69 44 110 111 84 85 113 88 115 90 107 82 81 56 122 123 96 97 1\
25 100 127 102 119 94 93 68 134 135 108 109 137 112 139 114 131 106 105 80 145\
 146 120 121 147 124 149 126 142 118 117 92 152 153 132 133 136 154 138 150 13\
0 129 104 155 143 144 148 141 140 116 151 128
8 27 18 19 1 3 39 15 14 30 31 6 7 10 0 12 51 26 25 5 42 43 16 17 21 2 23 4 63 \
38 37 13 54 55 28 29 33 9 35 11 75 50 49 24 66 67 40 41 45 20 47 22 87 62 61 3\
6 78 79 52 53 57 32 59 34 99 74 73 48 90 91 64 65 69 44 71 46 111 86 85 60 102\
 103 76 77 81 56 83 58 123 98 97 72 114 115 88 89 93 68 95 70 135 110 109 84 1\
26 127 100 101 105 80 107 82 146 122 121 96 138 139 112 113 117 92 119 94 153 \
134 133 108 148 149 124 125 129 104 131 106 155 145 144 120 154 136 137 140 11\
6 142 118 152 151 132 147 128 150 130 143 141
9 16 20 21 22 24 28 29 30 32 33 34 35 36 37 38 40 41 42 43 44 45 46 47 48 49 5\
0 51 52 53 54 55 56 57 58 59 60 61 62 63 64 65 66 67 68 69 70 71 72 73 74 75 7\
6 77 78 79 80 81 82 83 84 85 86 87 88 89 90 91 92 93 94 95 96 97 98 99 100 101\
 102 103 104 105 106 107 108 109 110 111 112 113 114 115 116 117 118 119 120 1\
21 122 123 124 125 126 127 128 129 130 131 132 133 134 135 136 137 138 139 0 1\
40 141 142 143 144 145 146 1 147 148 149 2 3 4 150 5 151 152 153 6 7 8 154 10 \
11 12 13 14 15 155 17 18 19 23 25 26 27 31 39
10 18 21 2 23 39 30 31 6 33 9 35 11 51 26 25 42 43 16 17 45 20 47 22 63 38 37 \
13 54 55 28 29 57 32 59 34 75 50 49 24 66 67 40 41 69 44 71 46 87 62 61 36 78 \
79 52 53 81 56 83 58 99 74 73 48 90 91 64 65 93 68 95 70 111 86 85 60 102 103 \
76 77 105 80 107 82 123 98 97 72 114 115 88 89 117 92 119 94 135 110 109 84 12\
6 127 100 101 129 104 131 106 146 122 121 96 138 139 112 113 140 116 142 118 1\
53 134 133 108 148 149 124 125 3 128 150 130 155 145 144 120 8 154 136 137 0 1\
2 141 27 152 151 132 19 1 147 4 15 14 143 7 5
11 31 22 23 2 25 43 18 17 34 35 9 10 37 13 39 55 30 29 6 46 47 20 21 49 24 51 \
26 67 42 41 16 58 59 32 33 61 36 63 38 79 54 53 28 70 71 44 45 73 48 75 50 91 \
66 65 40 82 83 56 57 85 60 87 62 103 78 77 52 94 95 68 69 97 72 99 74 115 90 8\
9 64 106 107 80 81 109 84 111 86 127 102 101 76 118 119 92 93 121 96 123 98 13\
9 114 113 88 130 131 104 105 133 108 135 110 149 126 125 100 141 142 116 117 1\
44 120 146 122 154 138 137 112 4 150 128 129 151 132 153 134 19 148 147 124 12\
 0 140 14 143 155 145 8 7 136 3 5 27 152 1 15
12 7 23 4 3 15 17 1 19 35 11 10 0 26 27 5 29 6 31 8 47 22 21 2 38 39 13 14 41 \
16 43 18 59 34 33 9 50 51 24 25 53 28 55 30 71 46 45 20 62 63 36 37 65 40 67 4\
2 83 58 57 32 74 75 48 49 77 52 79 54 95 70 69 44 86 87 60 61 89 64 91 66 107 \
82 81 56 98 99 72 73 101 76 103 78 119 94 93 68 110 111 84 85 113 88 115 90 13\
1 106 105 80 122 123 96 97 125 100 127 102 142 118 117 92 134 135 108 109 137 \
112 139 114 150 130 129 104 145 146 120 121 147 124 149 126 141 140 116 152 15\
3 132 133 136 154 138 128 155 143 144 148 151
13 2 24 25 26 6 9 10 11 36 37 38 39 16 17 18 20 21 22 23 48 49 50 51 28 29 30 \
31 32 33 34 35 60 61 62 63 40 41 42 43 44 45 46 47 72 73 74 75 52 53 54 55 56 \
57 58 59 84 85 86 87 64 65 66 67 68 69 70 71 96 97 98 99 76 77 78 79 80 81 82 \
83 108 109 110 111 88 89 90 91 92 93 94 95 120 121 122 123 100 101 102 103 104\
 105 106 107 132 133 134 135 112 113 114 115 116 117 118 119 143 144 145 146 1\
24 125 126 127 128 129 130 131 5 151 152 153 136 137 138 139 0 140 141 142 14 \
15 155 1 147 148 149 3 4 150 27 7 8 154 12 19
14 4 25 5 27 19 11 12 0 37 13 39 15 31 8 7 22 23 2 3 49 24 51 26 43 18 17 1 34\
 35 9 10 61 36 63 38 55 30 29 6 46 47 20 21 73 48 75 50 67 42 41 16 58 59 32 3\
3 85 60 87 62 79 54 53 28 70 71 44 45 97 72 99 74 91 66 65 40 82 83 56 57 109 \
84 111 86 103 78 77 52 94 95 68 69 121 96 123 98 115 90 89 64 106 107 80 81 13\
3 108 135 110 127 102 101 76 118 119 92 93 144 120 146 122 139 114 113 88 130 \
131 104 105 151 132 153 134 149 126 125 100 141 142 116 117 143 155 145 154 13\
8 137 112 150 128 129 152 148 147 124 140 136
15 12 26 27 5 7 23 4 3 38 39 13 14 17 1 19 35 11 10 0 50 51 24 25 29 6 31 8 47\
 22 21 2 62 63 36 37 41 16 43 18 59 34 33 9 74 75 48 49 53 28 55 30 71 46 45 2\
0 86 87 60 61 65 40 67 42 83 58 57 32 98 99 72 73 77 52 79 54 95 70 69 44 110 \
111 84 85 89 64 91 66 107 82 81 56 122 123 96 97 101 76 103 78 119 94 93 68 13\
4 135 108 109 113 88 115 90 131 106 105 80 145 146 120 121 125 100 127 102 142\
 118 117 92 152 153 132 133 137 112 139 114 150 130 129 104 155 143 144 147 12\
4 149 126 141 140 116 151 136 154 138 128 148
16 24 28 29 30 9 36 37 38 40 41 42 43 20 21 22 48 49 50 51 52 53 54 55 32 33 3\
4 35 60 61 62 63 64 65 66 67 44 45 46 47 72 73 74 75 76 77 78 79 56 57 58 59 8\
4 85 86 87 88 89 90 91 68 69 70 71 96 97 98 99 100 101 102 103 80 81 82 83 108\
 109 110 111 112 113 114 115 92 93 94 95 120 121 122 123 124 125 126 127 104 1\
05 106 107 132 133 134 135 136 137 138 139 116 117 118 119 143 144 145 146 1 1\
47 148 149 128 129 130 131 5 151 152 153 6 7 8 154 0 140 141 142 13 14 15 155 \
17 18 19 2 3 4 150 25 26 27 31 10 11 12 39 23
17 26 29 6 31 23 38 39 13 41 16 43 18 35 11 10 50 51 24 25 53 28 55 30 47 22 2\
1 2 62 63 36 37 65 40 67 42 59 34 33 9 74 75 48 49 77 52 79 54 71 46 45 20 86 \
87 60 61 89 64 91 66 83 58 57 32 98 99 72 73 101 76 103 78 95 70 69 44 110 111\
 84 85 113 88 115 90 107 82 81 56 122 123 96 97 125 100 127 102 119 94 93 68 1\
34 135 108 109 137 112 139 114 131 106 105 80 145 146 120 121 147 124 149 126 \
142 118 117 92 152 153 132 133 7 136 154 138 150 130 129 104 15 155 143 144 1 \
19 148 12 141 140 116 27 5 151 8 4 3 128 14 0
18 39 30 31 6 10 51 26 25 42 43 16 17 21 2 23 63 38 37 13 54 55 28 29 33 9 35 \
11 75 50 49 24 66 67 40 41 45 20 47 22 87 62 61 36 78 79 52 53 57 32 59 34 99 \
74 73 48 90 91 64 65 69 44 71 46 111 86 85 60 102 103 76 77 81 56 83 58 123 98\
 97 72 114 115 88 89 93 68 95 70 135 110 109 84 126 127 100 101 105 80 107 82 \
146 122 121 96 138 139 112 113 117 92 119 94 153 134 133 108 148 149 124 125 1\
29 104 131 106 155 145 144 120 8 154 136 137 140 116 142 118 27 152 151 132 19\
 1 147 3 128 150 130 15 14 143 7 0 12 141 5 4
19 14 31 8 7 4 25 5 27 43 18 17 1 11 12 0 37 13 39 15 55 30 29 6 22 23 2 3 49 \
24 51 26 67 42 41 16 34 35 9 10 61 36 63 38 79 54 53 28 46 47 20 21 73 48 75 5\
0 91 66 65 40 58 59 32 33 85 60 87 62 103 78 77 52 70 71 44 45 97 72 99 74 115\
 90 89 64 82 83 56 57 109 84 111 86 127 102 101 76 94 95 68 69 121 96 123 98 1\
39 114 113 88 106 107 80 81 133 108 135 110 149 126 125 100 118 119 92 93 144 \
120 146 122 154 138 137 112 130 131 104 105 151 132 153 134 148 147 124 141 14\
2 116 117 143 155 145 136 150 128 129 152 140
20 28 32 33 34 36 40 41 42 44 45 46 47 48 49 50 52 53 54 55 56 57 58 59 60 61 \
62 63 64 65 66 67 68 69 70 71 72 73 74 75 76 77 78 79 80 81 82 83 84 85 86 87 \
88 89 90 91 92 93 94 95 96 97 98 99 100 101 102 103 104 105 106 107 108 109 11\
0 111 112 113 114 115 116 117 118 119 120 121 122 123 124 125 126 127 128 129 \
130 131 132 133 134 135 136 137 138 139 0 140 141 142 143 144 145 146 1 147 14\
8 149 2 3 4 150 5 151 152 153 6 7 8 154 9 10 11 12 13 14 15 155 16 17 18 19 21\
 22 23 24 25 26 27 29 30 31 35 37 38 39 43 51
21 30 33 9 35 51 42 43 16 45 20 47 22 63 38 37 54 55 28 29 57 32 59 34 75 50 4\
9 24 66 67 40 41 69 44 71 46 87 62 61 36 78 79 52 53 81 56 83 58 99 74 73 48 9\
0 91 64 65 93 68 95 70 111 86 85 60 102 103 76 77 105 80 107 82 123 98 97 72 1\
14 115 88 89 117 92 119 94 135 110 109 84 126 127 100 101 129 104 131 106 146 \
122 121 96 138 139 112 113 140 116 142 118 153 134 133 108 148 149 124 125 3 1\
28 150 130 155 145 144 120 8 154 136 137 10 0 12 141 27 152 151 132 18 19 1 14\
7 2 23 4 39 15 14 143 31 6 7 11 26 25 5 17 13
22 43 34 35 9 37 55 30 29 46 47 20 21 49 24 51 67 42 41 16 58 59 32 33 61 36 6\
3 38 79 54 53 28 70 71 44 45 73 48 75 50 91 66 65 40 82 83 56 57 85 60 87 62 1\
03 78 77 52 94 95 68 69 97 72 99 74 115 90 89 64 106 107 80 81 109 84 111 86 1\
27 102 101 76 118 119 92 93 121 96 123 98 139 114 113 88 130 131 104 105 133 1\
08 135 110 149 126 125 100 141 142 116 117 144 120 146 122 154 138 137 112 4 1\
50 128 129 151 132 153 134 19 148 147 124 11 12 0 140 14 143 155 145 31 8 7 13\
6 23 2 3 25 5 27 152 18 17 1 10 13 39 15 6 26
23 17 35 11 10 26 29 6 31 47 22 21 2 38 39 13 41 16 43 18 59 34 33 9 50 51 24 \
25 53 28 55 30 71 46 45 20 62 63 36 37 65 40 67 42 83 58 57 32 74 75 48 49 77 \
52 79 54 95 70 69 44 86 87 60 61 89 64 91 66 107 82 81 56 98 99 72 73 101 76 1\
03 78 119 94 93 68 110 111 84 85 113 88 115 90 131 106 105 80 122 123 96 97 12\
5 100 127 102 142 118 117 92 134 135 108 109 137 112 139 114 150 130 129 104 1\
45 146 120 121 147 124 149 126 12 141 140 116 152 153 132 133 7 136 154 138 4 \
3 128 15 155 143 144 1 19 148 0 27 5 151 8 14
24 9 36 37 38 16 20 21 22 48 49 50 51 28 29 30 32 33 34 35 60 61 62 63 40 41 4\
2 43 44 45 46 47 72 73 74 75 52 53 54 55 56 57 58 59 84 85 86 87 64 65 66 67 6\
8 69 70 71 96 97 98 99 76 77 78 79 80 81 82 83 108 109 110 111 88 89 90 91 92 \
93 94 95 120 121 122 123 100 101 102 103 104 105 106 107 132 133 134 135 112 1\
13 114 115 116 117 118 119 143 144 145 146 124 125 126 127 128 129 130 131 5 1\
51 152 153 136 137 138 139 0 140 141 142 13 14 15 155 1 147 148 149 2 3 4 150 \
25 26 27 6 7 8 154 10 11 12 39 17 18 19 23 31
25 11 37 13 39 31 22 23 2 49 24 51 26 43 18 17 34 35 9 10 61 36 63 38 55 30 29\
 6 46 47 20 21 73 48 75 50 67 42 41 16 58 59 32 33 85 60 87 62 79 54 53 28 70 \
71 44 45 97 72 99 74 91 66 65 40 82 83 56 57 109 84 111 86 103 78 77 52 94 95 \
68 69 121 96 123 98 115 90 89 64 106 107 80 81 133 108 135 110 127 102 101 76 \
118 119 92 93 144 120 146 122 139 114 113 88 130 131 104 105 151 132 153 134 1\
49 126 125 100 141 142 116 117 14 143 155 145 154 138 137 112 4 150 128 129 5 \
27 152 19 148 147 124 12 0 140 15 8 7 136 3 1
26 23 38 39 13 17 35 11 10 50 51 24 25 29 6 31 47 22 21 2 62 63 36 37 41 16 43\
 18 59 34 33 9 74 75 48 49 53 28 55 30 71 46 45 20 86 87 60 61 65 40 67 42 83 \
58 57 32 98 99 72 73 77 52 79 54 95 70 69 44 110 111 84 85 89 64 91 66 107 82 \
81 56 122 123 96 97 101 76 103 78 119 94 93 68 134 135 108 109 113 88 115 90 1\
31 106 105 80 145 146 120 121 125 100 127 102 142 118 117 92 152 153 132 133 1\
37 112 139 114 150 130 129 104 15 155 143 144 147 124 149 126 12 141 140 116 2\
7 5 151 7 136 154 138 4 3 128 14 1 19 148 0 8
27 3 39 15 14 8 10 0 12 51 26 25 5 18 19 1 21 2 23 4 63 38 37 13 30 31 6 7 33 \
9 35 11 75 50 49 24 42 43 16 17 45 20 47 22 87 62 61 36 54 55 28 29 57 32 59 3\
4 99 74 73 48 66 67 40 41 69 44 71 46 111 86 85 60 78 79 52 53 81 56 83 58 123\
 98 97 72 90 91 64 65 93 68 95 70 135 110 109 84 102 103 76 77 105 80 107 82 1\
46 122 121 96 114 115 88 89 117 92 119 94 153 134 133 108 126 127 100 101 129 \
104 131 106 155 145 144 120 138 139 112 113 140 116 142 118 152 151 132 148 14\
9 124 125 128 150 130 143 154 136 137 141 147
28 36 40 41 42 20 48 49 50 52 53 54 55 32 33 34 60 61 62 63 64 65 66 67 44 45 \
46 47 72 73 74 75 76 77 78 79 56 57 58 59 84 85 86 87 88 89 90 91 68 69 70 71 \
96 97 98 99 100 101 102 103 80 81 82 83 108 109 110 111 112 113 114 115 92 93 \
94 95 120 121 122 123 124 125 126 127 104 105 106 107 132 133 134 135 136 137 \
138 139 116 117 118 119 143 144 145 146 1 147 148 149 128 129 130 131 5 151 15\
2 153 6 7 8 154 0 140 141 142 13 14 15 155 16 17 18 19 2 3 4 150 24 25 26 27 2\
9 30 31 9 10 11 12 37 38 39 43 21 22 23 51 35
29 38 41 16 43 35 50 51 24 53 28 55 30 47 22 21 62 63 36 37 65 40 67 42 59 34 \
33 9 74 75 48 49 77 52 79 54 71 46 45 20 86 87 60 61 89 64 91 66 83 58 57 32 9\
8 99 72 73 101 76 103 78 95 70 69 44 110 111 84 85 113 88 115 90 107 82 81 56 \
122 123 96 97 125 100 127 102 119 94 93 68 134 135 108 109 137 112 139 114 131\
 106 105 80 145 146 120 121 147 124 149 126 142 118 117 92 152 153 132 133 7 1\
36 154 138 150 130 129 104 15 155 143 144 17 1 19 148 12 141 140 116 26 27 5 1\
51 6 31 8 23 4 3 128 39 13 14 18 11 10 0 25 2
30 51 42 43 16 21 63 38 37 54 55 28 29 33 9 35 75 50 49 24 66 67 40 41 45 20 4\
7 22 87 62 61 36 78 79 52 53 57 32 59 34 99 74 73 48 90 91 64 65 69 44 71 46 1\
11 86 85 60 102 103 76 77 81 56 83 58 123 98 97 72 114 115 88 89 93 68 95 70 1\
35 110 109 84 126 127 100 101 105 80 107 82 146 122 121 96 138 139 112 113 117\
 92 119 94 153 134 133 108 148 149 124 125 129 104 131 106 155 145 144 120 8 1\
54 136 137 140 116 142 118 27 152 151 132 18 19 1 147 3 128 150 130 39 15 14 1\
43 31 6 7 10 0 12 141 26 25 5 17 2 23 4 13 11
31 25 43 18 17 11 37 13 39 55 30 29 6 22 23 2 49 24 51 26 67 42 41 16 34 35 9 \
10 61 36 63 38 79 54 53 28 46 47 20 21 73 48 75 50 91 66 65 40 58 59 32 33 85 \
60 87 62 103 78 77 52 70 71 44 45 97 72 99 74 115 90 89 64 82 83 56 57 109 84 \
111 86 127 102 101 76 94 95 68 69 121 96 123 98 139 114 113 88 106 107 80 81 1\
33 108 135 110 149 126 125 100 118 119 92 93 144 120 146 122 154 138 137 112 1\
30 131 104 105 151 132 153 134 19 148 147 124 141 142 116 117 14 143 155 145 8\
 7 136 4 150 128 129 5 27 152 1 12 0 140 15 3
32 40 44 45 46 48 52 53 54 56 57 58 59 60 61 62 64 65 66 67 68 69 70 71 72 73 \
74 75 76 77 78 79 80 81 82 83 84 85 86 87 88 89 90 91 92 93 94 95 96 97 98 99 \
100 101 102 103 104 105 106 107 108 109 110 111 112 113 114 115 116 117 118 11\
9 120 121 122 123 124 125 126 127 128 129 130 131 132 133 134 135 136 137 138 \
139 0 140 141 142 143 144 145 146 1 147 148 149 2 3 4 150 5 151 152 153 6 7 8 \
154 9 10 11 12 13 14 15 155 16 17 18 19 20 21 22 23 24 25 26 27 28 29 30 31 33\
 34 35 36 37 38 39 41 42 43 47 49 50 51 55 63
33 42 45 20 47 63 54 55 28 57 32 59 34 75 50 49 66 67 40 41 69 44 71 46 87 62 \
61 36 78 79 52 53 81 56 83 58 99 74 73 48 90 91 64 65 93 68 95 70 111 86 85 60\
 102 103 76 77 105 80 107 82 123 98 97 72 114 115 88 89 117 92 119 94 135 110 \
109 84 126 127 100 101 129 104 131 106 146 122 121 96 138 139 112 113 140 116 \
142 118 153 134 133 108 148 149 124 125 3 128 150 130 155 145 144 120 8 154 13\
6 137 10 0 12 141 27 152 151 132 18 19 1 147 21 2 23 4 39 15 14 143 30 31 6 7 \
9 35 11 51 26 25 5 43 16 17 22 38 37 13 29 24
34 55 46 47 20 49 67 42 41 58 59 32 33 61 36 63 79 54 53 28 70 71 44 45 73 48 \
75 50 91 66 65 40 82 83 56 57 85 60 87 62 103 78 77 52 94 95 68 69 97 72 99 74\
 115 90 89 64 106 107 80 81 109 84 111 86 127 102 101 76 118 119 92 93 121 96 \
123 98 139 114 113 88 130 131 104 105 133 108 135 110 149 126 125 100 141 142 \
116 117 144 120 146 122 154 138 137 112 4 150 128 129 151 132 153 134 19 148 1\
47 124 11 12 0 140 14 143 155 145 31 8 7 136 22 23 2 3 25 5 27 152 43 18 17 1 \
35 9 10 37 13 39 15 30 29 6 21 24 51 26 16 38
35 29 47 22 21 38 41 16 43 59 34 33 9 50 51 24 53 28 55 30 71 46 45 20 62 63 3\
6 37 65 40 67 42 83 58 57 32 74 75 48 49 77 52 79 54 95 70 69 44 86 87 60 61 8\
9 64 91 66 107 82 81 56 98 99 72 73 101 76 103 78 119 94 93 68 110 111 84 85 1\
13 88 115 90 131 106 105 80 122 123 96 97 125 100 127 102 142 118 117 92 134 1\
35 108 109 137 112 139 114 150 130 129 104 145 146 120 121 147 124 149 126 12 \
141 140 116 152 153 132 133 7 136 154 138 23 4 3 128 15 155 143 144 17 1 19 14\
8 11 10 0 26 27 5 151 6 31 8 2 39 13 14 18 25
36 20 48 49 50 28 32 33 34 60 61 62 63 40 41 42 44 45 46 47 72 73 74 75 52 53 \
54 55 56 57 58 59 84 85 86 87 64 65 66 67 68 69 70 71 96 97 98 99 76 77 78 79 \
80 81 82 83 108 109 110 111 88 89 90 91 92 93 94 95 120 121 122 123 100 101 10\
2 103 104 105 106 107 132 133 134 135 112 113 114 115 116 117 118 119 143 144 \
145 146 124 125 126 127 128 129 130 131 5 151 152 153 136 137 138 139 0 140 14\
1 142 13 14 15 155 1 147 148 149 2 3 4 150 24 25 26 27 6 7 8 154 9 10 11 12 37\
 38 39 16 17 18 19 21 22 23 51 29 30 31 35 43
37 22 49 24 51 43 34 35 9 61 36 63 38 55 30 29 46 47 20 21 73 48 75 50 67 42 4\
1 16 58 59 32 33 85 60 87 62 79 54 53 28 70 71 44 45 97 72 99 74 91 66 65 40 8\
2 83 56 57 109 84 111 86 103 78 77 52 94 95 68 69 121 96 123 98 115 90 89 64 1\
06 107 80 81 133 108 135 110 127 102 101 76 118 119 92 93 144 120 146 122 139 \
114 113 88 130 131 104 105 151 132 153 134 149 126 125 100 141 142 116 117 14 \
143 155 145 154 138 137 112 4 150 128 129 25 5 27 152 19 148 147 124 11 12 0 1\
40 13 39 15 31 8 7 136 23 2 3 26 18 17 1 10 6
38 35 50 51 24 29 47 22 21 62 63 36 37 41 16 43 59 34 33 9 74 75 48 49 53 28 5\
5 30 71 46 45 20 86 87 60 61 65 40 67 42 83 58 57 32 98 99 72 73 77 52 79 54 9\
5 70 69 44 110 111 84 85 89 64 91 66 107 82 81 56 122 123 96 97 101 76 103 78 \
119 94 93 68 134 135 108 109 113 88 115 90 131 106 105 80 145 146 120 121 125 \
100 127 102 142 118 117 92 152 153 132 133 137 112 139 114 150 130 129 104 15 \
155 143 144 147 124 149 126 12 141 140 116 26 27 5 151 7 136 154 138 23 4 3 12\
8 39 13 14 17 1 19 148 11 10 0 25 6 31 8 2 18
39 10 51 26 25 18 21 2 23 63 38 37 13 30 31 6 33 9 35 11 75 50 49 24 42 43 16 \
17 45 20 47 22 87 62 61 36 54 55 28 29 57 32 59 34 99 74 73 48 66 67 40 41 69 \
44 71 46 111 86 85 60 78 79 52 53 81 56 83 58 123 98 97 72 90 91 64 65 93 68 9\
5 70 135 110 109 84 102 103 76 77 105 80 107 82 146 122 121 96 114 115 88 89 1\
17 92 119 94 153 134 133 108 126 127 100 101 129 104 131 106 155 145 144 120 1\
38 139 112 113 140 116 142 118 27 152 151 132 148 149 124 125 3 128 150 130 15\
 14 143 8 154 136 137 0 12 141 5 19 1 147 4 7
40 48 52 53 54 32 60 61 62 64 65 66 67 44 45 46 72 73 74 75 76 77 78 79 56 57 \
58 59 84 85 86 87 88 89 90 91 68 69 70 71 96 97 98 99 100 101 102 103 80 81 82\
 83 108 109 110 111 112 113 114 115 92 93 94 95 120 121 122 123 124 125 126 12\
7 104 105 106 107 132 133 134 135 136 137 138 139 116 117 118 119 143 144 145 \
146 1 147 148 149 128 129 130 131 5 151 152 153 6 7 8 154 0 140 141 142 13 14 \
15 155 16 17 18 19 2 3 4 150 24 25 26 27 28 29 30 31 9 10 11 12 36 37 38 39 41\
 42 43 20 21 22 23 49 50 51 55 33 34 35 63 47
41 50 53 28 55 47 62 63 36 65 40 67 42 59 34 33 74 75 48 49 77 52 79 54 71 46 \
45 20 86 87 60 61 89 64 91 66 83 58 57 32 98 99 72 73 101 76 103 78 95 70 69 4\
4 110 111 84 85 113 88 115 90 107 82 81 56 122 123 96 97 125 100 127 102 119 9\
4 93 68 134 135 108 109 137 112 139 114 131 106 105 80 145 146 120 121 147 124\
 149 126 142 118 117 92 152 153 132 133 7 136 154 138 150 130 129 104 15 155 1\
43 144 17 1 19 148 12 141 140 116 26 27 5 151 29 6 31 8 23 4 3 128 38 39 13 14\
 16 43 18 35 11 10 0 51 24 25 30 22 21 2 37 9
42 63 54 55 28 33 75 50 49 66 67 40 41 45 20 47 87 62 61 36 78 79 52 53 57 32 \
59 34 99 74 73 48 90 91 64 65 69 44 71 46 111 86 85 60 102 103 76 77 81 56 83 \
58 123 98 97 72 114 115 88 89 93 68 95 70 135 110 109 84 126 127 100 101 105 8\
0 107 82 146 122 121 96 138 139 112 113 117 92 119 94 153 134 133 108 148 149 \
124 125 129 104 131 106 155 145 144 120 8 154 136 137 140 116 142 118 27 152 1\
51 132 18 19 1 147 3 128 150 130 39 15 14 143 30 31 6 7 10 0 12 141 51 26 25 5\
 43 16 17 21 2 23 4 38 37 13 29 9 35 11 24 22
43 37 55 30 29 22 49 24 51 67 42 41 16 34 35 9 61 36 63 38 79 54 53 28 46 47 2\
0 21 73 48 75 50 91 66 65 40 58 59 32 33 85 60 87 62 103 78 77 52 70 71 44 45 \
97 72 99 74 115 90 89 64 82 83 56 57 109 84 111 86 127 102 101 76 94 95 68 69 \
121 96 123 98 139 114 113 88 106 107 80 81 133 108 135 110 149 126 125 100 118\
 119 92 93 144 120 146 122 154 138 137 112 130 131 104 105 151 132 153 134 19 \
148 147 124 141 142 116 117 14 143 155 145 31 8 7 136 4 150 128 129 25 5 27 15\
2 18 17 1 11 12 0 140 13 39 15 6 23 2 3 26 10
44 52 56 57 58 60 64 65 66 68 69 70 71 72 73 74 76 77 78 79 80 81 82 83 84 85 \
86 87 88 89 90 91 92 93 94 95 96 97 98 99 100 101 102 103 104 105 106 107 108 \
109 110 111 112 113 114 115 116 117 118 119 120 121 122 123 124 125 126 127 12\
8 129 130 131 132 133 134 135 136 137 138 139 0 140 141 142 143 144 145 146 1 \
147 148 149 2 3 4 150 5 151 152 153 6 7 8 154 9 10 11 12 13 14 15 155 16 17 18\
 19 20 21 22 23 24 25 26 27 28 29 30 31 32 33 34 35 36 37 38 39 40 41 42 43 45\
 46 47 48 49 50 51 53 54 55 59 61 62 63 67 75
45 54 57 32 59 75 66 67 40 69 44 71 46 87 62 61 78 79 52 53 81 56 83 58 99 74 \
73 48 90 91 64 65 93 68 95 70 111 86 85 60 102 103 76 77 105 80 107 82 123 98 \
97 72 114 115 88 89 117 92 119 94 135 110 109 84 126 127 100 101 129 104 131 1\
06 146 122 121 96 138 139 112 113 140 116 142 118 153 134 133 108 148 149 124 \
125 3 128 150 130 155 145 144 120 8 154 136 137 10 0 12 141 27 152 151 132 18 \
19 1 147 21 2 23 4 39 15 14 143 30 31 6 7 33 9 35 11 51 26 25 5 42 43 16 17 20\
 47 22 63 38 37 13 55 28 29 34 50 49 24 41 36
46 67 58 59 32 61 79 54 53 70 71 44 45 73 48 75 91 66 65 40 82 83 56 57 85 60 \
87 62 103 78 77 52 94 95 68 69 97 72 99 74 115 90 89 64 106 107 80 81 109 84 1\
11 86 127 102 101 76 118 119 92 93 121 96 123 98 139 114 113 88 130 131 104 10\
5 133 108 135 110 149 126 125 100 141 142 116 117 144 120 146 122 154 138 137 \
112 4 150 128 129 151 132 153 134 19 148 147 124 11 12 0 140 14 143 155 145 31\
 8 7 136 22 23 2 3 25 5 27 152 43 18 17 1 34 35 9 10 37 13 39 15 55 30 29 6 47\
 20 21 49 24 51 26 42 41 16 33 36 63 38 28 50
47 41 59 34 33 50 53 28 55 71 46 45 20 62 63 36 65 40 67 42 83 58 57 32 74 75 \
48 49 77 52 79 54 95 70 69 44 86 87 60 61 89 64 91 66 107 82 81 56 98 99 72 73\
 101 76 103 78 119 94 93 68 110 111 84 85 113 88 115 90 131 106 105 80 122 123\
 96 97 125 100 127 102 142 118 117 92 134 135 108 109 137 112 139 114 150 130 \
129 104 145 146 120 121 147 124 149 126 12 141 140 116 152 153 132 133 7 136 1\
54 138 23 4 3 128 15 155 143 144 17 1 19 148 35 11 10 0 26 27 5 151 29 6 31 8 \
22 21 2 38 39 13 14 16 43 18 9 51 24 25 30 37
48 32 60 61 62 40 44 45 46 72 73 74 75 52 53 54 56 57 58 59 84 85 86 87 64 65 \
66 67 68 69 70 71 96 97 98 99 76 77 78 79 80 81 82 83 108 109 110 111 88 89 90\
 91 92 93 94 95 120 121 122 123 100 101 102 103 104 105 106 107 132 133 134 13\
5 112 113 114 115 116 117 118 119 143 144 145 146 124 125 126 127 128 129 130 \
131 5 151 152 153 136 137 138 139 0 140 141 142 13 14 15 155 1 147 148 149 2 3\
 4 150 24 25 26 27 6 7 8 154 9 10 11 12 36 37 38 39 16 17 18 19 20 21 22 23 49\
 50 51 28 29 30 31 33 34 35 63 41 42 43 47 55
49 34 61 36 63 55 46 47 20 73 48 75 50 67 42 41 58 59 32 33 85 60 87 62 79 54 \
53 28 70 71 44 45 97 72 99 74 91 66 65 40 82 83 56 57 109 84 111 86 103 78 77 \
52 94 95 68 69 121 96 123 98 115 90 89 64 106 107 80 81 133 108 135 110 127 10\
2 101 76 118 119 92 93 144 120 146 122 139 114 113 88 130 131 104 105 151 132 \
153 134 149 126 125 100 141 142 116 117 14 143 155 145 154 138 137 112 4 150 1\
28 129 25 5 27 152 19 148 147 124 11 12 0 140 37 13 39 15 31 8 7 136 22 23 2 3\
 24 51 26 43 18 17 1 35 9 10 38 30 29 6 21 16
50 47 62 63 36 41 59 34 33 74 75 48 49 53 28 55 71 46 45 20 86 87 60 61 65 40 \
67 42 83 58 57 32 98 99 72 73 77 52 79 54 95 70 69 44 110 111 84 85 89 64 91 6\
6 107 82 81 56 122 123 96 97 101 76 103 78 119 94 93 68 134 135 108 109 113 88\
 115 90 131 106 105 80 145 146 120 121 125 100 127 102 142 118 117 92 152 153 \
132 133 137 112 139 114 150 130 129 104 15 155 143 144 147 124 149 126 12 141 \
140 116 26 27 5 151 7 136 154 138 23 4 3 128 38 39 13 14 17 1 19 148 35 11 10 \
0 51 24 25 29 6 31 8 22 21 2 37 16 43 18 9 30
51 21 63 38 37 30 33 9 35 75 50 49 24 42 43 16 45 20 47 22 87 62 61 36 54 55 2\
8 29 57 32 59 34 99 74 73 48 66 67 40 41 69 44 71 46 111 86 85 60 78 79 52 53 \
81 56 83 58 123 98 97 72 90 91 64 65 93 68 95 70 135 110 109 84 102 103 76 77 \
105 80 107 82 146 122 121 96 114 115 88 89 117 92 119 94 153 134 133 108 126 1\
27 100 101 129 104 131 106 155 145 144 120 138 139 112 113 140 116 142 118 27 \
152 151 132 148 149 124 125 3 128 150 130 39 15 14 143 8 154 136 137 10 0 12 1\
41 26 25 5 18 19 1 147 2 23 4 13 31 6 7 11 17
52 60 64 65 66 44 72 73 74 76 77 78 79 56 57 58 84 85 86 87 88 89 90 91 68 69 \
70 71 96 97 98 99 100 101 102 103 80 81 82 83 108 109 110 111 112 113 114 115 \
92 93 94 95 120 121 122 123 124 125 126 127 104 105 106 107 132 133 134 135 13\
6 137 138 139 116 117 118 119 143 144 145 146 1 147 148 149 128 129 130 131 5 \
151 152 153 6 7 8 154 0 140 141 142 13 14 15 155 16 17 18 19 2 3 4 150 24 25 2\
6 27 28 29 30 31 9 10 11 12 36 37 38 39 40 41 42 43 20 21 22 23 48 49 50 51 53\
 54 55 32 33 34 35 61 62 63 67 45 46 47 75 59
53 62 65 40 67 59 74 75 48 77 52 79 54 71 46 45 86 87 60 61 89 64 91 66 83 58 \
57 32 98 99 72 73 101 76 103 78 95 70 69 44 110 111 84 85 113 88 115 90 107 82\
 81 56 122 123 96 97 125 100 127 102 119 94 93 68 134 135 108 109 137 112 139 \
114 131 106 105 80 145 146 120 121 147 124 149 126 142 118 117 92 152 153 132 \
133 7 136 154 138 150 130 129 104 15 155 143 144 17 1 19 148 12 141 140 116 26\
 27 5 151 29 6 31 8 23 4 3 128 38 39 13 14 41 16 43 18 35 11 10 0 50 51 24 25 \
28 55 30 47 22 21 2 63 36 37 42 34 33 9 49 20
54 75 66 67 40 45 87 62 61 78 79 52 53 57 32 59 99 74 73 48 90 91 64 65 69 44 \
71 46 111 86 85 60 102 103 76 77 81 56 83 58 123 98 97 72 114 115 88 89 93 68 \
95 70 135 110 109 84 126 127 100 101 105 80 107 82 146 122 121 96 138 139 112 \
113 117 92 119 94 153 134 133 108 148 149 124 125 129 104 131 106 155 145 144 \
120 8 154 136 137 140 116 142 118 27 152 151 132 18 19 1 147 3 128 150 130 39 \
15 14 143 30 31 6 7 10 0 12 141 51 26 25 5 42 43 16 17 21 2 23 4 63 38 37 13 5\
5 28 29 33 9 35 11 50 49 24 41 20 47 22 36 34
55 49 67 42 41 34 61 36 63 79 54 53 28 46 47 20 73 48 75 50 91 66 65 40 58 59 \
32 33 85 60 87 62 103 78 77 52 70 71 44 45 97 72 99 74 115 90 89 64 82 83 56 5\
7 109 84 111 86 127 102 101 76 94 95 68 69 121 96 123 98 139 114 113 88 106 10\
7 80 81 133 108 135 110 149 126 125 100 118 119 92 93 144 120 146 122 154 138 \
137 112 130 131 104 105 151 132 153 134 19 148 147 124 141 142 116 117 14 143 \
155 145 31 8 7 136 4 150 128 129 25 5 27 152 43 18 17 1 11 12 0 140 37 13 39 1\
5 30 29 6 22 23 2 3 24 51 26 16 35 9 10 38 21
56 64 68 69 70 72 76 77 78 80 81 82 83 84 85 86 88 89 90 91 92 93 94 95 96 97 \
98 99 100 101 102 103 104 105 106 107 108 109 110 111 112 113 114 115 116 117 \
118 119 120 121 122 123 124 125 126 127 128 129 130 131 132 133 134 135 136 13\
7 138 139 0 140 141 142 143 144 145 146 1 147 148 149 2 3 4 150 5 151 152 153 \
6 7 8 154 9 10 11 12 13 14 15 155 16 17 18 19 20 21 22 23 24 25 26 27 28 29 30\
 31 32 33 34 35 36 37 38 39 40 41 42 43 44 45 46 47 48 49 50 51 52 53 54 55 57\
 58 59 60 61 62 63 65 66 67 71 73 74 75 79 87
57 66 69 44 71 87 78 79 52 81 56 83 58 99 74 73 90 91 64 65 93 68 95 70 111 86\
 85 60 102 103 76 77 105 80 107 82 123 98 97 72 114 115 88 89 117 92 119 94 13\
5 110 109 84 126 127 100 101 129 104 131 106 146 122 121 96 138 139 112 113 14\
0 116 142 118 153 134 133 108 148 149 124 125 3 128 150 130 155 145 144 120 8 \
154 136 137 10 0 12 141 27 152 151 132 18 19 1 147 21 2 23 4 39 15 14 143 30 3\
1 6 7 33 9 35 11 51 26 25 5 42 43 16 17 45 20 47 22 63 38 37 13 54 55 28 29 32\
 59 34 75 50 49 24 67 40 41 46 62 61 36 53 48
58 79 70 71 44 73 91 66 65 82 83 56 57 85 60 87 103 78 77 52 94 95 68 69 97 72\
 99 74 115 90 89 64 106 107 80 81 109 84 111 86 127 102 101 76 118 119 92 93 1\
21 96 123 98 139 114 113 88 130 131 104 105 133 108 135 110 149 126 125 100 14\
1 142 116 117 144 120 146 122 154 138 137 112 4 150 128 129 151 132 153 134 19\
 148 147 124 11 12 0 140 14 143 155 145 31 8 7 136 22 23 2 3 25 5 27 152 43 18\
 17 1 34 35 9 10 37 13 39 15 55 30 29 6 46 47 20 21 49 24 51 26 67 42 41 16 59\
 32 33 61 36 63 38 54 53 28 45 48 75 50 40 62
59 53 71 46 45 62 65 40 67 83 58 57 32 74 75 48 77 52 79 54 95 70 69 44 86 87 \
60 61 89 64 91 66 107 82 81 56 98 99 72 73 101 76 103 78 119 94 93 68 110 111 \
84 85 113 88 115 90 131 106 105 80 122 123 96 97 125 100 127 102 142 118 117 9\
2 134 135 108 109 137 112 139 114 150 130 129 104 145 146 120 121 147 124 149 \
126 12 141 140 116 152 153 132 133 7 136 154 138 23 4 3 128 15 155 143 144 17 \
1 19 148 35 11 10 0 26 27 5 151 29 6 31 8 47 22 21 2 38 39 13 14 41 16 43 18 3\
4 33 9 50 51 24 25 28 55 30 20 63 36 37 42 49
60 44 72 73 74 52 56 57 58 84 85 86 87 64 65 66 68 69 70 71 96 97 98 99 76 77 \
78 79 80 81 82 83 108 109 110 111 88 89 90 91 92 93 94 95 120 121 122 123 100 \
101 102 103 104 105 106 107 132 133 134 135 112 113 114 115 116 117 118 119 14\
3 144 145 146 124 125 126 127 128 129 130 131 5 151 152 153 136 137 138 139 0 \
140 141 142 13 14 15 155 1 147 148 149 2 3 4 150 24 25 26 27 6 7 8 154 9 10 11\
 12 36 37 38 39 16 17 18 19 20 21 22 23 48 49 50 51 28 29 30 31 32 33 34 35 61\
 62 63 40 41 42 43 45 46 47 75 53 54 55 59 67
61 46 73 48 75 67 58 59 32 85 60 87 62 79 54 53 70 71 44 45 97 72 99 74 91 66 \
65 40 82 83 56 57 109 84 111 86 103 78 77 52 94 95 68 69 121 96 123 98 115 90 \
89 64 106 107 80 81 133 108 135 110 127 102 101 76 118 119 92 93 144 120 146 1\
22 139 114 113 88 130 131 104 105 151 132 153 134 149 126 125 100 141 142 116 \
117 14 143 155 145 154 138 137 112 4 150 128 129 25 5 27 152 19 148 147 124 11\
 12 0 140 37 13 39 15 31 8 7 136 22 23 2 3 49 24 51 26 43 18 17 1 34 35 9 10 3\
6 63 38 55 30 29 6 47 20 21 50 42 41 16 33 28
62 59 74 75 48 53 71 46 45 86 87 60 61 65 40 67 83 58 57 32 98 99 72 73 77 52 \
79 54 95 70 69 44 110 111 84 85 89 64 91 66 107 82 81 56 122 123 96 97 101 76 \
103 78 119 94 93 68 134 135 108 109 113 88 115 90 131 106 105 80 145 146 120 1\
21 125 100 127 102 142 118 117 92 152 153 132 133 137 112 139 114 150 130 129 \
104 15 155 143 144 147 124 149 126 12 141 140 116 26 27 5 151 7 136 154 138 23\
 4 3 128 38 39 13 14 17 1 19 148 35 11 10 0 50 51 24 25 29 6 31 8 47 22 21 2 6\
3 36 37 41 16 43 18 34 33 9 49 28 55 30 20 42
63 33 75 50 49 42 45 20 47 87 62 61 36 54 55 28 57 32 59 34 99 74 73 48 66 67 \
40 41 69 44 71 46 111 86 85 60 78 79 52 53 81 56 83 58 123 98 97 72 90 91 64 6\
5 93 68 95 70 135 110 109 84 102 103 76 77 105 80 107 82 146 122 121 96 114 11\
5 88 89 117 92 119 94 153 134 133 108 126 127 100 101 129 104 131 106 155 145 \
144 120 138 139 112 113 140 116 142 118 27 152 151 132 148 149 124 125 3 128 1\
50 130 39 15 14 143 8 154 136 137 10 0 12 141 51 26 25 5 18 19 1 147 21 2 23 4\
 38 37 13 30 31 6 7 9 35 11 24 43 16 17 22 29
64 72 76 77 78 56 84 85 86 88 89 90 91 68 69 70 96 97 98 99 100 101 102 103 80\
 81 82 83 108 109 110 111 112 113 114 115 92 93 94 95 120 121 122 123 124 125 \
126 127 104 105 106 107 132 133 134 135 136 137 138 139 116 117 118 119 143 14\
4 145 146 1 147 148 149 128 129 130 131 5 151 152 153 6 7 8 154 0 140 141 142 \
13 14 15 155 16 17 18 19 2 3 4 150 24 25 26 27 28 29 30 31 9 10 11 12 36 37 38\
 39 40 41 42 43 20 21 22 23 48 49 50 51 52 53 54 55 32 33 34 35 60 61 62 63 65\
 66 67 44 45 46 47 73 74 75 79 57 58 59 87 71
65 74 77 52 79 71 86 87 60 89 64 91 66 83 58 57 98 99 72 73 101 76 103 78 95 7\
0 69 44 110 111 84 85 113 88 115 90 107 82 81 56 122 123 96 97 125 100 127 102\
 119 94 93 68 134 135 108 109 137 112 139 114 131 106 105 80 145 146 120 121 1\
47 124 149 126 142 118 117 92 152 153 132 133 7 136 154 138 150 130 129 104 15\
 155 143 144 17 1 19 148 12 141 140 116 26 27 5 151 29 6 31 8 23 4 3 128 38 39\
 13 14 41 16 43 18 35 11 10 0 50 51 24 25 53 28 55 30 47 22 21 2 62 63 36 37 4\
0 67 42 59 34 33 9 75 48 49 54 46 45 20 61 32
66 87 78 79 52 57 99 74 73 90 91 64 65 69 44 71 111 86 85 60 102 103 76 77 81 \
56 83 58 123 98 97 72 114 115 88 89 93 68 95 70 135 110 109 84 126 127 100 101\
 105 80 107 82 146 122 121 96 138 139 112 113 117 92 119 94 153 134 133 108 14\
8 149 124 125 129 104 131 106 155 145 144 120 8 154 136 137 140 116 142 118 27\
 152 151 132 18 19 1 147 3 128 150 130 39 15 14 143 30 31 6 7 10 0 12 141 51 2\
6 25 5 42 43 16 17 21 2 23 4 63 38 37 13 54 55 28 29 33 9 35 11 75 50 49 24 67\
 40 41 45 20 47 22 62 61 36 53 32 59 34 48 46
67 61 79 54 53 46 73 48 75 91 66 65 40 58 59 32 85 60 87 62 103 78 77 52 70 71\
 44 45 97 72 99 74 115 90 89 64 82 83 56 57 109 84 111 86 127 102 101 76 94 95\
 68 69 121 96 123 98 139 114 113 88 106 107 80 81 133 108 135 110 149 126 125 \
100 118 119 92 93 144 120 146 122 154 138 137 112 130 131 104 105 151 132 153 \
134 19 148 147 124 141 142 116 117 14 143 155 145 31 8 7 136 4 150 128 129 25 \
5 27 152 43 18 17 1 11 12 0 140 37 13 39 15 55 30 29 6 22 23 2 3 49 24 51 26 4\
2 41 16 34 35 9 10 36 63 38 28 47 20 21 50 33
68 76 80 81 82 84 88 89 90 92 93 94 95 96 97 98 100 101 102 103 104 105 106 10\
7 108 109 110 111 112 113 114 115 116 117 118 119 120 121 122 123 124 125 126 \
127 128 129 130 131 132 133 134 135 136 137 138 139 0 140 141 142 143 144 145 \
146 1 147 148 149 2 3 4 150 5 151 152 153 6 7 8 154 9 10 11 12 13 14 15 155 16\
 17 18 19 20 21 22 23 24 25 26 27 28 29 30 31 32 33 34 35 36 37 38 39 40 41 42\
 43 44 45 46 47 48 49 50 51 52 53 54 55 56 57 58 59 60 61 62 63 64 65 66 67 69\
 70 71 72 73 74 75 77 78 79 83 85 86 87 91 99
69 78 81 56 83 99 90 91 64 93 68 95 70 111 86 85 102 103 76 77 105 80 107 82 1\
23 98 97 72 114 115 88 89 117 92 119 94 135 110 109 84 126 127 100 101 129 104\
 131 106 146 122 121 96 138 139 112 113 140 116 142 118 153 134 133 108 148 14\
9 124 125 3 128 150 130 155 145 144 120 8 154 136 137 10 0 12 141 27 152 151 1\
32 18 19 1 147 21 2 23 4 39 15 14 143 30 31 6 7 33 9 35 11 51 26 25 5 42 43 16\
 17 45 20 47 22 63 38 37 13 54 55 28 29 57 32 59 34 75 50 49 24 66 67 40 41 44\
 71 46 87 62 61 36 79 52 53 58 74 73 48 65 60
70 91 82 83 56 85 103 78 77 94 95 68 69 97 72 99 115 90 89 64 106 107 80 81 10\
9 84 111 86 127 102 101 76 118 119 92 93 121 96 123 98 139 114 113 88 130 131 \
104 105 133 108 135 110 149 126 125 100 141 142 116 117 144 120 146 122 154 13\
8 137 112 4 150 128 129 151 132 153 134 19 148 147 124 11 12 0 140 14 143 155 \
145 31 8 7 136 22 23 2 3 25 5 27 152 43 18 17 1 34 35 9 10 37 13 39 15 55 30 2\
9 6 46 47 20 21 49 24 51 26 67 42 41 16 58 59 32 33 61 36 63 38 79 54 53 28 71\
 44 45 73 48 75 50 66 65 40 57 60 87 62 52 74
71 65 83 58 57 74 77 52 79 95 70 69 44 86 87 60 89 64 91 66 107 82 81 56 98 99\
 72 73 101 76 103 78 119 94 93 68 110 111 84 85 113 88 115 90 131 106 105 80 1\
22 123 96 97 125 100 127 102 142 118 117 92 134 135 108 109 137 112 139 114 15\
0 130 129 104 145 146 120 121 147 124 149 126 12 141 140 116 152 153 132 133 7\
 136 154 138 23 4 3 128 15 155 143 144 17 1 19 148 35 11 10 0 26 27 5 151 29 6\
 31 8 47 22 21 2 38 39 13 14 41 16 43 18 59 34 33 9 50 51 24 25 53 28 55 30 46\
 45 20 62 63 36 37 40 67 42 32 75 48 49 54 61
72 56 84 85 86 64 68 69 70 96 97 98 99 76 77 78 80 81 82 83 108 109 110 111 88\
 89 90 91 92 93 94 95 120 121 122 123 100 101 102 103 104 105 106 107 132 133 \
134 135 112 113 114 115 116 117 118 119 143 144 145 146 124 125 126 127 128 12\
9 130 131 5 151 152 153 136 137 138 139 0 140 141 142 13 14 15 155 1 147 148 1\
49 2 3 4 150 24 25 26 27 6 7 8 154 9 10 11 12 36 37 38 39 16 17 18 19 20 21 22\
 23 48 49 50 51 28 29 30 31 32 33 34 35 60 61 62 63 40 41 42 43 44 45 46 47 73\
 74 75 52 53 54 55 57 58 59 87 65 66 67 71 79
73 58 85 60 87 79 70 71 44 97 72 99 74 91 66 65 82 83 56 57 109 84 111 86 103 \
78 77 52 94 95 68 69 121 96 123 98 115 90 89 64 106 107 80 81 133 108 135 110 \
127 102 101 76 118 119 92 93 144 120 146 122 139 114 113 88 130 131 104 105 15\
1 132 153 134 149 126 125 100 141 142 116 117 14 143 155 145 154 138 137 112 4\
 150 128 129 25 5 27 152 19 148 147 124 11 12 0 140 37 13 39 15 31 8 7 136 22 \
23 2 3 49 24 51 26 43 18 17 1 34 35 9 10 61 36 63 38 55 30 29 6 46 47 20 21 48\
 75 50 67 42 41 16 59 32 33 62 54 53 28 45 40
74 71 86 87 60 65 83 58 57 98 99 72 73 77 52 79 95 70 69 44 110 111 84 85 89 6\
4 91 66 107 82 81 56 122 123 96 97 101 76 103 78 119 94 93 68 134 135 108 109 \
113 88 115 90 131 106 105 80 145 146 120 121 125 100 127 102 142 118 117 92 15\
2 153 132 133 137 112 139 114 150 130 129 104 15 155 143 144 147 124 149 126 1\
2 141 140 116 26 27 5 151 7 136 154 138 23 4 3 128 38 39 13 14 17 1 19 148 35 \
11 10 0 50 51 24 25 29 6 31 8 47 22 21 2 62 63 36 37 41 16 43 18 59 34 33 9 75\
 48 49 53 28 55 30 46 45 20 61 40 67 42 32 54
75 45 87 62 61 54 57 32 59 99 74 73 48 66 67 40 69 44 71 46 111 86 85 60 78 79\
 52 53 81 56 83 58 123 98 97 72 90 91 64 65 93 68 95 70 135 110 109 84 102 103\
 76 77 105 80 107 82 146 122 121 96 114 115 88 89 117 92 119 94 153 134 133 10\
8 126 127 100 101 129 104 131 106 155 145 144 120 138 139 112 113 140 116 142 \
118 27 152 151 132 148 149 124 125 3 128 150 130 39 15 14 143 8 154 136 137 10\
 0 12 141 51 26 25 5 18 19 1 147 21 2 23 4 63 38 37 13 30 31 6 7 33 9 35 11 50\
 49 24 42 43 16 17 20 47 22 36 55 28 29 34 41
76 84 88 89 90 68 96 97 98 100 101 102 103 80 81 82 108 109 110 111 112 113 11\
4 115 92 93 94 95 120 121 122 123 124 125 126 127 104 105 106 107 132 133 134 \
135 136 137 138 139 116 117 118 119 143 144 145 146 1 147 148 149 128 129 130 \
131 5 151 152 153 6 7 8 154 0 140 141 142 13 14 15 155 16 17 18 19 2 3 4 150 2\
4 25 26 27 28 29 30 31 9 10 11 12 36 37 38 39 40 41 42 43 20 21 22 23 48 49 50\
 51 52 53 54 55 32 33 34 35 60 61 62 63 64 65 66 67 44 45 46 47 72 73 74 75 77\
 78 79 56 57 58 59 85 86 87 91 69 70 71 99 83
77 86 89 64 91 83 98 99 72 101 76 103 78 95 70 69 110 111 84 85 113 88 115 90 \
107 82 81 56 122 123 96 97 125 100 127 102 119 94 93 68 134 135 108 109 137 11\
2 139 114 131 106 105 80 145 146 120 121 147 124 149 126 142 118 117 92 152 15\
3 132 133 7 136 154 138 150 130 129 104 15 155 143 144 17 1 19 148 12 141 140 \
116 26 27 5 151 29 6 31 8 23 4 3 128 38 39 13 14 41 16 43 18 35 11 10 0 50 51 \
24 25 53 28 55 30 47 22 21 2 62 63 36 37 65 40 67 42 59 34 33 9 74 75 48 49 52\
 79 54 71 46 45 20 87 60 61 66 58 57 32 73 44
78 99 90 91 64 69 111 86 85 102 103 76 77 81 56 83 123 98 97 72 114 115 88 89 \
93 68 95 70 135 110 109 84 126 127 100 101 105 80 107 82 146 122 121 96 138 13\
9 112 113 117 92 119 94 153 134 133 108 148 149 124 125 129 104 131 106 155 14\
5 144 120 8 154 136 137 140 116 142 118 27 152 151 132 18 19 1 147 3 128 150 1\
30 39 15 14 143 30 31 6 7 10 0 12 141 51 26 25 5 42 43 16 17 21 2 23 4 63 38 3\
7 13 54 55 28 29 33 9 35 11 75 50 49 24 66 67 40 41 45 20 47 22 87 62 61 36 79\
 52 53 57 32 59 34 74 73 48 65 44 71 46 60 58
79 73 91 66 65 58 85 60 87 103 78 77 52 70 71 44 97 72 99 74 115 90 89 64 82 8\
3 56 57 109 84 111 86 127 102 101 76 94 95 68 69 121 96 123 98 139 114 113 88 \
106 107 80 81 133 108 135 110 149 126 125 100 118 119 92 93 144 120 146 122 15\
4 138 137 112 130 131 104 105 151 132 153 134 19 148 147 124 141 142 116 117 1\
4 143 155 145 31 8 7 136 4 150 128 129 25 5 27 152 43 18 17 1 11 12 0 140 37 1\
3 39 15 55 30 29 6 22 23 2 3 49 24 51 26 67 42 41 16 34 35 9 10 61 36 63 38 54\
 53 28 46 47 20 21 48 75 50 40 59 32 33 62 45
80 88 92 93 94 96 100 101 102 104 105 106 107 108 109 110 112 113 114 115 116 \
117 118 119 120 121 122 123 124 125 126 127 128 129 130 131 132 133 134 135 13\
6 137 138 139 0 140 141 142 143 144 145 146 1 147 148 149 2 3 4 150 5 151 152 \
153 6 7 8 154 9 10 11 12 13 14 15 155 16 17 18 19 20 21 22 23 24 25 26 27 28 2\
9 30 31 32 33 34 35 36 37 38 39 40 41 42 43 44 45 46 47 48 49 50 51 52 53 54 5\
5 56 57 58 59 60 61 62 63 64 65 66 67 68 69 70 71 72 73 74 75 76 77 78 79 81 8\
2 83 84 85 86 87 89 90 91 95 97 98 99 103 111
81 90 93 68 95 111 102 103 76 105 80 107 82 123 98 97 114 115 88 89 117 92 119\
 94 135 110 109 84 126 127 100 101 129 104 131 106 146 122 121 96 138 139 112 \
113 140 116 142 118 153 134 133 108 148 149 124 125 3 128 150 130 155 145 144 \
120 8 154 136 137 10 0 12 141 27 152 151 132 18 19 1 147 21 2 23 4 39 15 14 14\
3 30 31 6 7 33 9 35 11 51 26 25 5 42 43 16 17 45 20 47 22 63 38 37 13 54 55 28\
 29 57 32 59 34 75 50 49 24 66 67 40 41 69 44 71 46 87 62 61 36 78 79 52 53 56\
 83 58 99 74 73 48 91 64 65 70 86 85 60 77 72
82 103 94 95 68 97 115 90 89 106 107 80 81 109 84 111 127 102 101 76 118 119 9\
2 93 121 96 123 98 139 114 113 88 130 131 104 105 133 108 135 110 149 126 125 \
100 141 142 116 117 144 120 146 122 154 138 137 112 4 150 128 129 151 132 153 \
134 19 148 147 124 11 12 0 140 14 143 155 145 31 8 7 136 22 23 2 3 25 5 27 152\
 43 18 17 1 34 35 9 10 37 13 39 15 55 30 29 6 46 47 20 21 49 24 51 26 67 42 41\
 16 58 59 32 33 61 36 63 38 79 54 53 28 70 71 44 45 73 48 75 50 91 66 65 40 83\
 56 57 85 60 87 62 78 77 52 69 72 99 74 64 86
83 77 95 70 69 86 89 64 91 107 82 81 56 98 99 72 101 76 103 78 119 94 93 68 11\
0 111 84 85 113 88 115 90 131 106 105 80 122 123 96 97 125 100 127 102 142 118\
 117 92 134 135 108 109 137 112 139 114 150 130 129 104 145 146 120 121 147 12\
4 149 126 12 141 140 116 152 153 132 133 7 136 154 138 23 4 3 128 15 155 143 1\
44 17 1 19 148 35 11 10 0 26 27 5 151 29 6 31 8 47 22 21 2 38 39 13 14 41 16 4\
3 18 59 34 33 9 50 51 24 25 53 28 55 30 71 46 45 20 62 63 36 37 65 40 67 42 58\
 57 32 74 75 48 49 52 79 54 44 87 60 61 66 73
84 68 96 97 98 76 80 81 82 108 109 110 111 88 89 90 92 93 94 95 120 121 122 12\
3 100 101 102 103 104 105 106 107 132 133 134 135 112 113 114 115 116 117 118 \
119 143 144 145 146 124 125 126 127 128 129 130 131 5 151 152 153 136 137 138 \
139 0 140 141 142 13 14 15 155 1 147 148 149 2 3 4 150 24 25 26 27 6 7 8 154 9\
 10 11 12 36 37 38 39 16 17 18 19 20 21 22 23 48 49 50 51 28 29 30 31 32 33 34\
 35 60 61 62 63 40 41 42 43 44 45 46 47 72 73 74 75 52 53 54 55 56 57 58 59 85\
 86 87 64 65 66 67 69 70 71 99 77 78 79 83 91
85 70 97 72 99 91 82 83 56 109 84 111 86 103 78 77 94 95 68 69 121 96 123 98 1\
15 90 89 64 106 107 80 81 133 108 135 110 127 102 101 76 118 119 92 93 144 120\
 146 122 139 114 113 88 130 131 104 105 151 132 153 134 149 126 125 100 141 14\
2 116 117 14 143 155 145 154 138 137 112 4 150 128 129 25 5 27 152 19 148 147 \
124 11 12 0 140 37 13 39 15 31 8 7 136 22 23 2 3 49 24 51 26 43 18 17 1 34 35 \
9 10 61 36 63 38 55 30 29 6 46 47 20 21 73 48 75 50 67 42 41 16 58 59 32 33 60\
 87 62 79 54 53 28 71 44 45 74 66 65 40 57 52
86 83 98 99 72 77 95 70 69 110 111 84 85 89 64 91 107 82 81 56 122 123 96 97 1\
01 76 103 78 119 94 93 68 134 135 108 109 113 88 115 90 131 106 105 80 145 146\
 120 121 125 100 127 102 142 118 117 92 152 153 132 133 137 112 139 114 150 13\
0 129 104 15 155 143 144 147 124 149 126 12 141 140 116 26 27 5 151 7 136 154 \
138 23 4 3 128 38 39 13 14 17 1 19 148 35 11 10 0 50 51 24 25 29 6 31 8 47 22 \
21 2 62 63 36 37 41 16 43 18 59 34 33 9 74 75 48 49 53 28 55 30 71 46 45 20 87\
 60 61 65 40 67 42 58 57 32 73 52 79 54 44 66
87 57 99 74 73 66 69 44 71 111 86 85 60 78 79 52 81 56 83 58 123 98 97 72 90 9\
1 64 65 93 68 95 70 135 110 109 84 102 103 76 77 105 80 107 82 146 122 121 96 \
114 115 88 89 117 92 119 94 153 134 133 108 126 127 100 101 129 104 131 106 15\
5 145 144 120 138 139 112 113 140 116 142 118 27 152 151 132 148 149 124 125 3\
 128 150 130 39 15 14 143 8 154 136 137 10 0 12 141 51 26 25 5 18 19 1 147 21 \
2 23 4 63 38 37 13 30 31 6 7 33 9 35 11 75 50 49 24 42 43 16 17 45 20 47 22 62\
 61 36 54 55 28 29 32 59 34 48 67 40 41 46 53
88 96 100 101 102 80 108 109 110 112 113 114 115 92 93 94 120 121 122 123 124 \
125 126 127 104 105 106 107 132 133 134 135 136 137 138 139 116 117 118 119 14\
3 144 145 146 1 147 148 149 128 129 130 131 5 151 152 153 6 7 8 154 0 140 141 \
142 13 14 15 155 16 17 18 19 2 3 4 150 24 25 26 27 28 29 30 31 9 10 11 12 36 3\
7 38 39 40 41 42 43 20 21 22 23 48 49 50 51 52 53 54 55 32 33 34 35 60 61 62 6\
3 64 65 66 67 44 45 46 47 72 73 74 75 76 77 78 79 56 57 58 59 84 85 86 87 89 9\
0 91 68 69 70 71 97 98 99 103 81 82 83 111 95
89 98 101 76 103 95 110 111 84 113 88 115 90 107 82 81 122 123 96 97 125 100 1\
27 102 119 94 93 68 134 135 108 109 137 112 139 114 131 106 105 80 145 146 120\
 121 147 124 149 126 142 118 117 92 152 153 132 133 7 136 154 138 150 130 129 \
104 15 155 143 144 17 1 19 148 12 141 140 116 26 27 5 151 29 6 31 8 23 4 3 128\
 38 39 13 14 41 16 43 18 35 11 10 0 50 51 24 25 53 28 55 30 47 22 21 2 62 63 3\
6 37 65 40 67 42 59 34 33 9 74 75 48 49 77 52 79 54 71 46 45 20 86 87 60 61 64\
 91 66 83 58 57 32 99 72 73 78 70 69 44 85 56
90 111 102 103 76 81 123 98 97 114 115 88 89 93 68 95 135 110 109 84 126 127 1\
00 101 105 80 107 82 146 122 121 96 138 139 112 113 117 92 119 94 153 134 133 \
108 148 149 124 125 129 104 131 106 155 145 144 120 8 154 136 137 140 116 142 \
118 27 152 151 132 18 19 1 147 3 128 150 130 39 15 14 143 30 31 6 7 10 0 12 14\
1 51 26 25 5 42 43 16 17 21 2 23 4 63 38 37 13 54 55 28 29 33 9 35 11 75 50 49\
 24 66 67 40 41 45 20 47 22 87 62 61 36 78 79 52 53 57 32 59 34 99 74 73 48 91\
 64 65 69 44 71 46 86 85 60 77 56 83 58 72 70
91 85 103 78 77 70 97 72 99 115 90 89 64 82 83 56 109 84 111 86 127 102 101 76\
 94 95 68 69 121 96 123 98 139 114 113 88 106 107 80 81 133 108 135 110 149 12\
6 125 100 118 119 92 93 144 120 146 122 154 138 137 112 130 131 104 105 151 13\
2 153 134 19 148 147 124 141 142 116 117 14 143 155 145 31 8 7 136 4 150 128 1\
29 25 5 27 152 43 18 17 1 11 12 0 140 37 13 39 15 55 30 29 6 22 23 2 3 49 24 5\
1 26 67 42 41 16 34 35 9 10 61 36 63 38 79 54 53 28 46 47 20 21 73 48 75 50 66\
 65 40 58 59 32 33 60 87 62 52 71 44 45 74 57
92 100 104 105 106 108 112 113 114 116 117 118 119 120 121 122 124 125 126 127\
 128 129 130 131 132 133 134 135 136 137 138 139 0 140 141 142 143 144 145 146\
 1 147 148 149 2 3 4 150 5 151 152 153 6 7 8 154 9 10 11 12 13 14 15 155 16 17\
 18 19 20 21 22 23 24 25 26 27 28 29 30 31 32 33 34 35 36 37 38 39 40 41 42 43\
 44 45 46 47 48 49 50 51 52 53 54 55 56 57 58 59 60 61 62 63 64 65 66 67 68 69\
 70 71 72 73 74 75 76 77 78 79 80 81 82 83 84 85 86 87 88 89 90 91 93 94 95 96\
 97 98 99 101 102 103 107 109 110 111 115 123
93 102 105 80 107 123 114 115 88 117 92 119 94 135 110 109 126 127 100 101 129\
 104 131 106 146 122 121 96 138 139 112 113 140 116 142 118 153 134 133 108 14\
8 149 124 125 3 128 150 130 155 145 144 120 8 154 136 137 10 0 12 141 27 152 1\
51 132 18 19 1 147 21 2 23 4 39 15 14 143 30 31 6 7 33 9 35 11 51 26 25 5 42 4\
3 16 17 45 20 47 22 63 38 37 13 54 55 28 29 57 32 59 34 75 50 49 24 66 67 40 4\
1 69 44 71 46 87 62 61 36 78 79 52 53 81 56 83 58 99 74 73 48 90 91 64 65 68 9\
5 70 111 86 85 60 103 76 77 82 98 97 72 89 84
94 115 106 107 80 109 127 102 101 118 119 92 93 121 96 123 139 114 113 88 130 \
131 104 105 133 108 135 110 149 126 125 100 141 142 116 117 144 120 146 122 15\
4 138 137 112 4 150 128 129 151 132 153 134 19 148 147 124 11 12 0 140 14 143 \
155 145 31 8 7 136 22 23 2 3 25 5 27 152 43 18 17 1 34 35 9 10 37 13 39 15 55 \
30 29 6 46 47 20 21 49 24 51 26 67 42 41 16 58 59 32 33 61 36 63 38 79 54 53 2\
8 70 71 44 45 73 48 75 50 91 66 65 40 82 83 56 57 85 60 87 62 103 78 77 52 95 \
68 69 97 72 99 74 90 89 64 81 84 111 86 76 98
95 89 107 82 81 98 101 76 103 119 94 93 68 110 111 84 113 88 115 90 131 106 10\
5 80 122 123 96 97 125 100 127 102 142 118 117 92 134 135 108 109 137 112 139 \
114 150 130 129 104 145 146 120 121 147 124 149 126 12 141 140 116 152 153 132\
 133 7 136 154 138 23 4 3 128 15 155 143 144 17 1 19 148 35 11 10 0 26 27 5 15\
1 29 6 31 8 47 22 21 2 38 39 13 14 41 16 43 18 59 34 33 9 50 51 24 25 53 28 55\
 30 71 46 45 20 62 63 36 37 65 40 67 42 83 58 57 32 74 75 48 49 77 52 79 54 70\
 69 44 86 87 60 61 64 91 66 56 99 72 73 78 85
96 80 108 109 110 88 92 93 94 120 121 122 123 100 101 102 104 105 106 107 132 \
133 134 135 112 113 114 115 116 117 118 119 143 144 145 146 124 125 126 127 12\
8 129 130 131 5 151 152 153 136 137 138 139 0 140 141 142 13 14 15 155 1 147 1\
48 149 2 3 4 150 24 25 26 27 6 7 8 154 9 10 11 12 36 37 38 39 16 17 18 19 20 2\
1 22 23 48 49 50 51 28 29 30 31 32 33 34 35 60 61 62 63 40 41 42 43 44 45 46 4\
7 72 73 74 75 52 53 54 55 56 57 58 59 84 85 86 87 64 65 66 67 68 69 70 71 97 9\
8 99 76 77 78 79 81 82 83 111 89 90 91 95 103
97 82 109 84 111 103 94 95 68 121 96 123 98 115 90 89 106 107 80 81 133 108 13\
5 110 127 102 101 76 118 119 92 93 144 120 146 122 139 114 113 88 130 131 104 \
105 151 132 153 134 149 126 125 100 141 142 116 117 14 143 155 145 154 138 137\
 112 4 150 128 129 25 5 27 152 19 148 147 124 11 12 0 140 37 13 39 15 31 8 7 1\
36 22 23 2 3 49 24 51 26 43 18 17 1 34 35 9 10 61 36 63 38 55 30 29 6 46 47 20\
 21 73 48 75 50 67 42 41 16 58 59 32 33 85 60 87 62 79 54 53 28 70 71 44 45 72\
 99 74 91 66 65 40 83 56 57 86 78 77 52 69 64
98 95 110 111 84 89 107 82 81 122 123 96 97 101 76 103 119 94 93 68 134 135 10\
8 109 113 88 115 90 131 106 105 80 145 146 120 121 125 100 127 102 142 118 117\
 92 152 153 132 133 137 112 139 114 150 130 129 104 15 155 143 144 147 124 149\
 126 12 141 140 116 26 27 5 151 7 136 154 138 23 4 3 128 38 39 13 14 17 1 19 1\
48 35 11 10 0 50 51 24 25 29 6 31 8 47 22 21 2 62 63 36 37 41 16 43 18 59 34 3\
3 9 74 75 48 49 53 28 55 30 71 46 45 20 86 87 60 61 65 40 67 42 83 58 57 32 99\
 72 73 77 52 79 54 70 69 44 85 64 91 66 56 78
99 69 111 86 85 78 81 56 83 123 98 97 72 90 91 64 93 68 95 70 135 110 109 84 1\
02 103 76 77 105 80 107 82 146 122 121 96 114 115 88 89 117 92 119 94 153 134 \
133 108 126 127 100 101 129 104 131 106 155 145 144 120 138 139 112 113 140 11\
6 142 118 27 152 151 132 148 149 124 125 3 128 150 130 39 15 14 143 8 154 136 \
137 10 0 12 141 51 26 25 5 18 19 1 147 21 2 23 4 63 38 37 13 30 31 6 7 33 9 35\
 11 75 50 49 24 42 43 16 17 45 20 47 22 87 62 61 36 54 55 28 29 57 32 59 34 74\
 73 48 66 67 40 41 44 71 46 60 79 52 53 58 65
100 108 112 113 114 92 120 121 122 124 125 126 127 104 105 106 132 133 134 135\
 136 137 138 139 116 117 118 119 143 144 145 146 1 147 148 149 128 129 130 131\
 5 151 152 153 6 7 8 154 0 140 141 142 13 14 15 155 16 17 18 19 2 3 4 150 24 2\
5 26 27 28 29 30 31 9 10 11 12 36 37 38 39 40 41 42 43 20 21 22 23 48 49 50 51\
 52 53 54 55 32 33 34 35 60 61 62 63 64 65 66 67 44 45 46 47 72 73 74 75 76 77\
 78 79 56 57 58 59 84 85 86 87 88 89 90 91 68 69 70 71 96 97 98 99 101 102 103\
 80 81 82 83 109 110 111 115 93 94 95 123 107
101 110 113 88 115 107 122 123 96 125 100 127 102 119 94 93 134 135 108 109 13\
7 112 139 114 131 106 105 80 145 146 120 121 147 124 149 126 142 118 117 92 15\
2 153 132 133 7 136 154 138 150 130 129 104 15 155 143 144 17 1 19 148 12 141 \
140 116 26 27 5 151 29 6 31 8 23 4 3 128 38 39 13 14 41 16 43 18 35 11 10 0 50\
 51 24 25 53 28 55 30 47 22 21 2 62 63 36 37 65 40 67 42 59 34 33 9 74 75 48 4\
9 77 52 79 54 71 46 45 20 86 87 60 61 89 64 91 66 83 58 57 32 98 99 72 73 76 1\
03 78 95 70 69 44 111 84 85 90 82 81 56 97 68
102 123 114 115 88 93 135 110 109 126 127 100 101 105 80 107 146 122 121 96 13\
8 139 112 113 117 92 119 94 153 134 133 108 148 149 124 125 129 104 131 106 15\
5 145 144 120 8 154 136 137 140 116 142 118 27 152 151 132 18 19 1 147 3 128 1\
50 130 39 15 14 143 30 31 6 7 10 0 12 141 51 26 25 5 42 43 16 17 21 2 23 4 63 \
38 37 13 54 55 28 29 33 9 35 11 75 50 49 24 66 67 40 41 45 20 47 22 87 62 61 3\
6 78 79 52 53 57 32 59 34 99 74 73 48 90 91 64 65 69 44 71 46 111 86 85 60 103\
 76 77 81 56 83 58 98 97 72 89 68 95 70 84 82
103 97 115 90 89 82 109 84 111 127 102 101 76 94 95 68 121 96 123 98 139 114 1\
13 88 106 107 80 81 133 108 135 110 149 126 125 100 118 119 92 93 144 120 146 \
122 154 138 137 112 130 131 104 105 151 132 153 134 19 148 147 124 141 142 116\
 117 14 143 155 145 31 8 7 136 4 150 128 129 25 5 27 152 43 18 17 1 11 12 0 14\
0 37 13 39 15 55 30 29 6 22 23 2 3 49 24 51 26 67 42 41 16 34 35 9 10 61 36 63\
 38 79 54 53 28 46 47 20 21 73 48 75 50 91 66 65 40 58 59 32 33 85 60 87 62 78\
 77 52 70 71 44 45 72 99 74 64 83 56 57 86 69
104 112 116 117 118 120 124 125 126 128 129 130 131 132 133 134 136 137 138 13\
9 0 140 141 142 143 144 145 146 1 147 148 149 2 3 4 150 5 151 152 153 6 7 8 15\
4 9 10 11 12 13 14 15 155 16 17 18 19 20 21 22 23 24 25 26 27 28 29 30 31 32 3\
3 34 35 36 37 38 39 40 41 42 43 44 45 46 47 48 49 50 51 52 53 54 55 56 57 58 5\
9 60 61 62 63 64 65 66 67 68 69 70 71 72 73 74 75 76 77 78 79 80 81 82 83 84 8\
5 86 87 88 89 90 91 92 93 94 95 96 97 98 99 100 101 102 103 105 106 107 108 10\
9 110 111 113 114 115 119 121 122 123 127 135
105 114 117 92 119 135 126 127 100 129 104 131 106 146 122 121 138 139 112 113\
 140 116 142 118 153 134 133 108 148 149 124 125 3 128 150 130 155 145 144 120\
 8 154 136 137 10 0 12 141 27 152 151 132 18 19 1 147 21 2 23 4 39 15 14 143 3\
0 31 6 7 33 9 35 11 51 26 25 5 42 43 16 17 45 20 47 22 63 38 37 13 54 55 28 29\
 57 32 59 34 75 50 49 24 66 67 40 41 69 44 71 46 87 62 61 36 78 79 52 53 81 56\
 83 58 99 74 73 48 90 91 64 65 93 68 95 70 111 86 85 60 102 103 76 77 80 107 8\
2 123 98 97 72 115 88 89 94 110 109 84 101 96
106 127 118 119 92 121 139 114 113 130 131 104 105 133 108 135 149 126 125 100\
 141 142 116 117 144 120 146 122 154 138 137 112 4 150 128 129 151 132 153 134\
 19 148 147 124 11 12 0 140 14 143 155 145 31 8 7 136 22 23 2 3 25 5 27 152 43\
 18 17 1 34 35 9 10 37 13 39 15 55 30 29 6 46 47 20 21 49 24 51 26 67 42 41 16\
 58 59 32 33 61 36 63 38 79 54 53 28 70 71 44 45 73 48 75 50 91 66 65 40 82 83\
 56 57 85 60 87 62 103 78 77 52 94 95 68 69 97 72 99 74 115 90 89 64 107 80 81\
 109 84 111 86 102 101 76 93 96 123 98 88 110
107 101 119 94 93 110 113 88 115 131 106 105 80 122 123 96 125 100 127 102 142\
 118 117 92 134 135 108 109 137 112 139 114 150 130 129 104 145 146 120 121 14\
7 124 149 126 12 141 140 116 152 153 132 133 7 136 154 138 23 4 3 128 15 155 1\
43 144 17 1 19 148 35 11 10 0 26 27 5 151 29 6 31 8 47 22 21 2 38 39 13 14 41 \
16 43 18 59 34 33 9 50 51 24 25 53 28 55 30 71 46 45 20 62 63 36 37 65 40 67 4\
2 83 58 57 32 74 75 48 49 77 52 79 54 95 70 69 44 86 87 60 61 89 64 91 66 82 8\
1 56 98 99 72 73 76 103 78 68 111 84 85 90 97
108 92 120 121 122 100 104 105 106 132 133 134 135 112 113 114 116 117 118 119\
 143 144 145 146 124 125 126 127 128 129 130 131 5 151 152 153 136 137 138 139\
 0 140 141 142 13 14 15 155 1 147 148 149 2 3 4 150 24 25 26 27 6 7 8 154 9 10\
 11 12 36 37 38 39 16 17 18 19 20 21 22 23 48 49 50 51 28 29 30 31 32 33 34 35\
 60 61 62 63 40 41 42 43 44 45 46 47 72 73 74 75 52 53 54 55 56 57 58 59 84 85\
 86 87 64 65 66 67 68 69 70 71 96 97 98 99 76 77 78 79 80 81 82 83 109 110 111\
 88 89 90 91 93 94 95 123 101 102 103 107 115
109 94 121 96 123 115 106 107 80 133 108 135 110 127 102 101 118 119 92 93 144\
 120 146 122 139 114 113 88 130 131 104 105 151 132 153 134 149 126 125 100 14\
1 142 116 117 14 143 155 145 154 138 137 112 4 150 128 129 25 5 27 152 19 148 \
147 124 11 12 0 140 37 13 39 15 31 8 7 136 22 23 2 3 49 24 51 26 43 18 17 1 34\
 35 9 10 61 36 63 38 55 30 29 6 46 47 20 21 73 48 75 50 67 42 41 16 58 59 32 3\
3 85 60 87 62 79 54 53 28 70 71 44 45 97 72 99 74 91 66 65 40 82 83 56 57 84 1\
11 86 103 78 77 52 95 68 69 98 90 89 64 81 76
110 107 122 123 96 101 119 94 93 134 135 108 109 113 88 115 131 106 105 80 145\
 146 120 121 125 100 127 102 142 118 117 92 152 153 132 133 137 112 139 114 15\
0 130 129 104 15 155 143 144 147 124 149 126 12 141 140 116 26 27 5 151 7 136 \
154 138 23 4 3 128 38 39 13 14 17 1 19 148 35 11 10 0 50 51 24 25 29 6 31 8 47\
 22 21 2 62 63 36 37 41 16 43 18 59 34 33 9 74 75 48 49 53 28 55 30 71 46 45 2\
0 86 87 60 61 65 40 67 42 83 58 57 32 98 99 72 73 77 52 79 54 95 70 69 44 111 \
84 85 89 64 91 66 82 81 56 97 76 103 78 68 90
111 81 123 98 97 90 93 68 95 135 110 109 84 102 103 76 105 80 107 82 146 122 1\
21 96 114 115 88 89 117 92 119 94 153 134 133 108 126 127 100 101 129 104 131 \
106 155 145 144 120 138 139 112 113 140 116 142 118 27 152 151 132 148 149 124\
 125 3 128 150 130 39 15 14 143 8 154 136 137 10 0 12 141 51 26 25 5 18 19 1 1\
47 21 2 23 4 63 38 37 13 30 31 6 7 33 9 35 11 75 50 49 24 42 43 16 17 45 20 47\
 22 87 62 61 36 54 55 28 29 57 32 59 34 99 74 73 48 66 67 40 41 69 44 71 46 86\
 85 60 78 79 52 53 56 83 58 72 91 64 65 70 77
112 120 124 125 126 104 132 133 134 136 137 138 139 116 117 118 143 144 145 14\
6 1 147 148 149 128 129 130 131 5 151 152 153 6 7 8 154 0 140 141 142 13 14 15\
 155 16 17 18 19 2 3 4 150 24 25 26 27 28 29 30 31 9 10 11 12 36 37 38 39 40 4\
1 42 43 20 21 22 23 48 49 50 51 52 53 54 55 32 33 34 35 60 61 62 63 64 65 66 6\
7 44 45 46 47 72 73 74 75 76 77 78 79 56 57 58 59 84 85 86 87 88 89 90 91 68 6\
9 70 71 96 97 98 99 100 101 102 103 80 81 82 83 108 109 110 111 113 114 115 92\
 93 94 95 121 122 123 127 105 106 107 135 119
113 122 125 100 127 119 134 135 108 137 112 139 114 131 106 105 145 146 120 12\
1 147 124 149 126 142 118 117 92 152 153 132 133 7 136 154 138 150 130 129 104\
 15 155 143 144 17 1 19 148 12 141 140 116 26 27 5 151 29 6 31 8 23 4 3 128 38\
 39 13 14 41 16 43 18 35 11 10 0 50 51 24 25 53 28 55 30 47 22 21 2 62 63 36 3\
7 65 40 67 42 59 34 33 9 74 75 48 49 77 52 79 54 71 46 45 20 86 87 60 61 89 64\
 91 66 83 58 57 32 98 99 72 73 101 76 103 78 95 70 69 44 110 111 84 85 88 115 \
90 107 82 81 56 123 96 97 102 94 93 68 109 80
114 135 126 127 100 105 146 122 121 138 139 112 113 117 92 119 153 134 133 108\
 148 149 124 125 129 104 131 106 155 145 144 120 8 154 136 137 140 116 142 118\
 27 152 151 132 18 19 1 147 3 128 150 130 39 15 14 143 30 31 6 7 10 0 12 141 5\
1 26 25 5 42 43 16 17 21 2 23 4 63 38 37 13 54 55 28 29 33 9 35 11 75 50 49 24\
 66 67 40 41 45 20 47 22 87 62 61 36 78 79 52 53 57 32 59 34 99 74 73 48 90 91\
 64 65 69 44 71 46 111 86 85 60 102 103 76 77 81 56 83 58 123 98 97 72 115 88 \
89 93 68 95 70 110 109 84 101 80 107 82 96 94
115 109 127 102 101 94 121 96 123 139 114 113 88 106 107 80 133 108 135 110 14\
9 126 125 100 118 119 92 93 144 120 146 122 154 138 137 112 130 131 104 105 15\
1 132 153 134 19 148 147 124 141 142 116 117 14 143 155 145 31 8 7 136 4 150 1\
28 129 25 5 27 152 43 18 17 1 11 12 0 140 37 13 39 15 55 30 29 6 22 23 2 3 49 \
24 51 26 67 42 41 16 34 35 9 10 61 36 63 38 79 54 53 28 46 47 20 21 73 48 75 5\
0 91 66 65 40 58 59 32 33 85 60 87 62 103 78 77 52 70 71 44 45 97 72 99 74 90 \
89 64 82 83 56 57 84 111 86 76 95 68 69 98 81
116 124 128 129 130 132 136 137 138 0 140 141 142 143 144 145 1 147 148 149 2 \
3 4 150 5 151 152 153 6 7 8 154 9 10 11 12 13 14 15 155 16 17 18 19 20 21 22 2\
3 24 25 26 27 28 29 30 31 32 33 34 35 36 37 38 39 40 41 42 43 44 45 46 47 48 4\
9 50 51 52 53 54 55 56 57 58 59 60 61 62 63 64 65 66 67 68 69 70 71 72 73 74 7\
5 76 77 78 79 80 81 82 83 84 85 86 87 88 89 90 91 92 93 94 95 96 97 98 99 100 \
101 102 103 104 105 106 107 108 109 110 111 112 113 114 115 117 118 119 120 12\
1 122 123 125 126 127 131 133 134 135 139 146
117 126 129 104 131 146 138 139 112 140 116 142 118 153 134 133 148 149 124 12\
5 3 128 150 130 155 145 144 120 8 154 136 137 10 0 12 141 27 152 151 132 18 19\
 1 147 21 2 23 4 39 15 14 143 30 31 6 7 33 9 35 11 51 26 25 5 42 43 16 17 45 2\
0 47 22 63 38 37 13 54 55 28 29 57 32 59 34 75 50 49 24 66 67 40 41 69 44 71 4\
6 87 62 61 36 78 79 52 53 81 56 83 58 99 74 73 48 90 91 64 65 93 68 95 70 111 \
86 85 60 102 103 76 77 105 80 107 82 123 98 97 72 114 115 88 89 92 119 94 135 \
110 109 84 127 100 101 106 122 121 96 113 108
118 139 130 131 104 133 149 126 125 141 142 116 117 144 120 146 154 138 137 11\
2 4 150 128 129 151 132 153 134 19 148 147 124 11 12 0 140 14 143 155 145 31 8\
 7 136 22 23 2 3 25 5 27 152 43 18 17 1 34 35 9 10 37 13 39 15 55 30 29 6 46 4\
7 20 21 49 24 51 26 67 42 41 16 58 59 32 33 61 36 63 38 79 54 53 28 70 71 44 4\
5 73 48 75 50 91 66 65 40 82 83 56 57 85 60 87 62 103 78 77 52 94 95 68 69 97 \
72 99 74 115 90 89 64 106 107 80 81 109 84 111 86 127 102 101 76 119 92 93 121\
 96 123 98 114 113 88 105 108 135 110 100 122
119 113 131 106 105 122 125 100 127 142 118 117 92 134 135 108 137 112 139 114\
 150 130 129 104 145 146 120 121 147 124 149 126 12 141 140 116 152 153 132 13\
3 7 136 154 138 23 4 3 128 15 155 143 144 17 1 19 148 35 11 10 0 26 27 5 151 2\
9 6 31 8 47 22 21 2 38 39 13 14 41 16 43 18 59 34 33 9 50 51 24 25 53 28 55 30\
 71 46 45 20 62 63 36 37 65 40 67 42 83 58 57 32 74 75 48 49 77 52 79 54 95 70\
 69 44 86 87 60 61 89 64 91 66 107 82 81 56 98 99 72 73 101 76 103 78 94 93 68\
 110 111 84 85 88 115 90 80 123 96 97 102 109
120 104 132 133 134 112 116 117 118 143 144 145 146 124 125 126 128 129 130 13\
1 5 151 152 153 136 137 138 139 0 140 141 142 13 14 15 155 1 147 148 149 2 3 4\
 150 24 25 26 27 6 7 8 154 9 10 11 12 36 37 38 39 16 17 18 19 20 21 22 23 48 4\
9 50 51 28 29 30 31 32 33 34 35 60 61 62 63 40 41 42 43 44 45 46 47 72 73 74 7\
5 52 53 54 55 56 57 58 59 84 85 86 87 64 65 66 67 68 69 70 71 96 97 98 99 76 7\
7 78 79 80 81 82 83 108 109 110 111 88 89 90 91 92 93 94 95 121 122 123 100 10\
1 102 103 105 106 107 135 113 114 115 119 127
121 106 133 108 135 127 118 119 92 144 120 146 122 139 114 113 130 131 104 105\
 151 132 153 134 149 126 125 100 141 142 116 117 14 143 155 145 154 138 137 11\
2 4 150 128 129 25 5 27 152 19 148 147 124 11 12 0 140 37 13 39 15 31 8 7 136 \
22 23 2 3 49 24 51 26 43 18 17 1 34 35 9 10 61 36 63 38 55 30 29 6 46 47 20 21\
 73 48 75 50 67 42 41 16 58 59 32 33 85 60 87 62 79 54 53 28 70 71 44 45 97 72\
 99 74 91 66 65 40 82 83 56 57 109 84 111 86 103 78 77 52 94 95 68 69 96 123 9\
8 115 90 89 64 107 80 81 110 102 101 76 93 88
122 119 134 135 108 113 131 106 105 145 146 120 121 125 100 127 142 118 117 92\
 152 153 132 133 137 112 139 114 150 130 129 104 15 155 143 144 147 124 149 12\
6 12 141 140 116 26 27 5 151 7 136 154 138 23 4 3 128 38 39 13 14 17 1 19 148 \
35 11 10 0 50 51 24 25 29 6 31 8 47 22 21 2 62 63 36 37 41 16 43 18 59 34 33 9\
 74 75 48 49 53 28 55 30 71 46 45 20 86 87 60 61 65 40 67 42 83 58 57 32 98 99\
 72 73 77 52 79 54 95 70 69 44 110 111 84 85 89 64 91 66 107 82 81 56 123 96 9\
7 101 76 103 78 94 93 68 109 88 115 90 80 102
123 93 135 110 109 102 105 80 107 146 122 121 96 114 115 88 117 92 119 94 153 \
134 133 108 126 127 100 101 129 104 131 106 155 145 144 120 138 139 112 113 14\
0 116 142 118 27 152 151 132 148 149 124 125 3 128 150 130 39 15 14 143 8 154 \
136 137 10 0 12 141 51 26 25 5 18 19 1 147 21 2 23 4 63 38 37 13 30 31 6 7 33 \
9 35 11 75 50 49 24 42 43 16 17 45 20 47 22 87 62 61 36 54 55 28 29 57 32 59 3\
4 99 74 73 48 66 67 40 41 69 44 71 46 111 86 85 60 78 79 52 53 81 56 83 58 98 \
97 72 90 91 64 65 68 95 70 84 103 76 77 82 89
124 132 136 137 138 116 143 144 145 1 147 148 149 128 129 130 5 151 152 153 6 \
7 8 154 0 140 141 142 13 14 15 155 16 17 18 19 2 3 4 150 24 25 26 27 28 29 30 \
31 9 10 11 12 36 37 38 39 40 41 42 43 20 21 22 23 48 49 50 51 52 53 54 55 32 3\
3 34 35 60 61 62 63 64 65 66 67 44 45 46 47 72 73 74 75 76 77 78 79 56 57 58 5\
9 84 85 86 87 88 89 90 91 68 69 70 71 96 97 98 99 100 101 102 103 80 81 82 83 \
108 109 110 111 112 113 114 115 92 93 94 95 120 121 122 123 125 126 127 104 10\
5 106 107 133 134 135 139 117 118 119 146 131
125 134 137 112 139 131 145 146 120 147 124 149 126 142 118 117 152 153 132 13\
3 7 136 154 138 150 130 129 104 15 155 143 144 17 1 19 148 12 141 140 116 26 2\
7 5 151 29 6 31 8 23 4 3 128 38 39 13 14 41 16 43 18 35 11 10 0 50 51 24 25 53\
 28 55 30 47 22 21 2 62 63 36 37 65 40 67 42 59 34 33 9 74 75 48 49 77 52 79 5\
4 71 46 45 20 86 87 60 61 89 64 91 66 83 58 57 32 98 99 72 73 101 76 103 78 95\
 70 69 44 110 111 84 85 113 88 115 90 107 82 81 56 122 123 96 97 100 127 102 1\
19 94 93 68 135 108 109 114 106 105 80 121 92
126 146 138 139 112 117 153 134 133 148 149 124 125 129 104 131 155 145 144 12\
0 8 154 136 137 140 116 142 118 27 152 151 132 18 19 1 147 3 128 150 130 39 15\
 14 143 30 31 6 7 10 0 12 141 51 26 25 5 42 43 16 17 21 2 23 4 63 38 37 13 54 \
55 28 29 33 9 35 11 75 50 49 24 66 67 40 41 45 20 47 22 87 62 61 36 78 79 52 5\
3 57 32 59 34 99 74 73 48 90 91 64 65 69 44 71 46 111 86 85 60 102 103 76 77 8\
1 56 83 58 123 98 97 72 114 115 88 89 93 68 95 70 135 110 109 84 127 100 101 1\
05 80 107 82 122 121 96 113 92 119 94 108 106
127 121 139 114 113 106 133 108 135 149 126 125 100 118 119 92 144 120 146 122\
 154 138 137 112 130 131 104 105 151 132 153 134 19 148 147 124 141 142 116 11\
7 14 143 155 145 31 8 7 136 4 150 128 129 25 5 27 152 43 18 17 1 11 12 0 140 3\
7 13 39 15 55 30 29 6 22 23 2 3 49 24 51 26 67 42 41 16 34 35 9 10 61 36 63 38\
 79 54 53 28 46 47 20 21 73 48 75 50 91 66 65 40 58 59 32 33 85 60 87 62 103 7\
8 77 52 70 71 44 45 97 72 99 74 115 90 89 64 82 83 56 57 109 84 111 86 102 101\
 76 94 95 68 69 96 123 98 88 107 80 81 110 93
128 136 0 140 141 143 1 147 148 2 3 4 150 5 151 152 6 7 8 154 9 10 11 12 13 14\
 15 155 16 17 18 19 20 21 22 23 24 25 26 27 28 29 30 31 32 33 34 35 36 37 38 3\
9 40 41 42 43 44 45 46 47 48 49 50 51 52 53 54 55 56 57 58 59 60 61 62 63 64 6\
5 66 67 68 69 70 71 72 73 74 75 76 77 78 79 80 81 82 83 84 85 86 87 88 89 90 9\
1 92 93 94 95 96 97 98 99 100 101 102 103 104 105 106 107 108 109 110 111 112 \
113 114 115 116 117 118 119 120 121 122 123 124 125 126 127 129 130 131 132 13\
3 134 135 137 138 139 142 144 145 146 149 153
129 138 140 116 142 153 148 149 124 3 128 150 130 155 145 144 8 154 136 137 10\
 0 12 141 27 152 151 132 18 19 1 147 21 2 23 4 39 15 14 143 30 31 6 7 33 9 35 \
11 51 26 25 5 42 43 16 17 45 20 47 22 63 38 37 13 54 55 28 29 57 32 59 34 75 5\
0 49 24 66 67 40 41 69 44 71 46 87 62 61 36 78 79 52 53 81 56 83 58 99 74 73 4\
8 90 91 64 65 93 68 95 70 111 86 85 60 102 103 76 77 105 80 107 82 123 98 97 7\
2 114 115 88 89 117 92 119 94 135 110 109 84 126 127 100 101 104 131 106 146 1\
22 121 96 139 112 113 118 134 133 108 125 120
130 149 141 142 116 144 154 138 137 4 150 128 129 151 132 153 19 148 147 124 1\
1 12 0 140 14 143 155 145 31 8 7 136 22 23 2 3 25 5 27 152 43 18 17 1 34 35 9 \
10 37 13 39 15 55 30 29 6 46 47 20 21 49 24 51 26 67 42 41 16 58 59 32 33 61 3\
6 63 38 79 54 53 28 70 71 44 45 73 48 75 50 91 66 65 40 82 83 56 57 85 60 87 6\
2 103 78 77 52 94 95 68 69 97 72 99 74 115 90 89 64 106 107 80 81 109 84 111 8\
6 127 102 101 76 118 119 92 93 121 96 123 98 139 114 113 88 131 104 105 133 10\
8 135 110 126 125 100 117 120 146 122 112 134
131 125 142 118 117 134 137 112 139 150 130 129 104 145 146 120 147 124 149 12\
6 12 141 140 116 152 153 132 133 7 136 154 138 23 4 3 128 15 155 143 144 17 1 \
19 148 35 11 10 0 26 27 5 151 29 6 31 8 47 22 21 2 38 39 13 14 41 16 43 18 59 \
34 33 9 50 51 24 25 53 28 55 30 71 46 45 20 62 63 36 37 65 40 67 42 83 58 57 3\
2 74 75 48 49 77 52 79 54 95 70 69 44 86 87 60 61 89 64 91 66 107 82 81 56 98 \
99 72 73 101 76 103 78 119 94 93 68 110 111 84 85 113 88 115 90 106 105 80 122\
 123 96 97 100 127 102 92 135 108 109 114 121
132 116 143 144 145 124 128 129 130 5 151 152 153 136 137 138 0 140 141 142 13\
 14 15 155 1 147 148 149 2 3 4 150 24 25 26 27 6 7 8 154 9 10 11 12 36 37 38 3\
9 16 17 18 19 20 21 22 23 48 49 50 51 28 29 30 31 32 33 34 35 60 61 62 63 40 4\
1 42 43 44 45 46 47 72 73 74 75 52 53 54 55 56 57 58 59 84 85 86 87 64 65 66 6\
7 68 69 70 71 96 97 98 99 76 77 78 79 80 81 82 83 108 109 110 111 88 89 90 91 \
92 93 94 95 120 121 122 123 100 101 102 103 104 105 106 107 133 134 135 112 11\
3 114 115 117 118 119 146 125 126 127 131 139
133 118 144 120 146 139 130 131 104 151 132 153 134 149 126 125 141 142 116 11\
7 14 143 155 145 154 138 137 112 4 150 128 129 25 5 27 152 19 148 147 124 11 1\
2 0 140 37 13 39 15 31 8 7 136 22 23 2 3 49 24 51 26 43 18 17 1 34 35 9 10 61 \
36 63 38 55 30 29 6 46 47 20 21 73 48 75 50 67 42 41 16 58 59 32 33 85 60 87 6\
2 79 54 53 28 70 71 44 45 97 72 99 74 91 66 65 40 82 83 56 57 109 84 111 86 10\
3 78 77 52 94 95 68 69 121 96 123 98 115 90 89 64 106 107 80 81 108 135 110 12\
7 102 101 76 119 92 93 122 114 113 88 105 100
134 131 145 146 120 125 142 118 117 152 153 132 133 137 112 139 150 130 129 10\
4 15 155 143 144 147 124 149 126 12 141 140 116 26 27 5 151 7 136 154 138 23 4\
 3 128 38 39 13 14 17 1 19 148 35 11 10 0 50 51 24 25 29 6 31 8 47 22 21 2 62 \
63 36 37 41 16 43 18 59 34 33 9 74 75 48 49 53 28 55 30 71 46 45 20 86 87 60 6\
1 65 40 67 42 83 58 57 32 98 99 72 73 77 52 79 54 95 70 69 44 110 111 84 85 89\
 64 91 66 107 82 81 56 122 123 96 97 101 76 103 78 119 94 93 68 135 108 109 11\
3 88 115 90 106 105 80 121 100 127 102 92 114
135 105 146 122 121 114 117 92 119 153 134 133 108 126 127 100 129 104 131 106\
 155 145 144 120 138 139 112 113 140 116 142 118 27 152 151 132 148 149 124 12\
5 3 128 150 130 39 15 14 143 8 154 136 137 10 0 12 141 51 26 25 5 18 19 1 147 \
21 2 23 4 63 38 37 13 30 31 6 7 33 9 35 11 75 50 49 24 42 43 16 17 45 20 47 22\
 87 62 61 36 54 55 28 29 57 32 59 34 99 74 73 48 66 67 40 41 69 44 71 46 111 8\
6 85 60 78 79 52 53 81 56 83 58 123 98 97 72 90 91 64 65 93 68 95 70 110 109 8\
4 102 103 76 77 80 107 82 96 115 88 89 94 101
136 143 1 147 148 128 5 151 152 6 7 8 154 0 140 141 13 14 15 155 16 17 18 19 2\
 3 4 150 24 25 26 27 28 29 30 31 9 10 11 12 36 37 38 39 40 41 42 43 20 21 22 2\
3 48 49 50 51 52 53 54 55 32 33 34 35 60 61 62 63 64 65 66 67 44 45 46 47 72 7\
3 74 75 76 77 78 79 56 57 58 59 84 85 86 87 88 89 90 91 68 69 70 71 96 97 98 9\
9 100 101 102 103 80 81 82 83 108 109 110 111 112 113 114 115 92 93 94 95 120 \
121 122 123 124 125 126 127 104 105 106 107 132 133 134 135 137 138 139 116 11\
7 118 119 144 145 146 149 129 130 131 153 142
137 145 147 124 149 142 152 153 132 7 136 154 138 150 130 129 15 155 143 144 1\
7 1 19 148 12 141 140 116 26 27 5 151 29 6 31 8 23 4 3 128 38 39 13 14 41 16 4\
3 18 35 11 10 0 50 51 24 25 53 28 55 30 47 22 21 2 62 63 36 37 65 40 67 42 59 \
34 33 9 74 75 48 49 77 52 79 54 71 46 45 20 86 87 60 61 89 64 91 66 83 58 57 3\
2 98 99 72 73 101 76 103 78 95 70 69 44 110 111 84 85 113 88 115 90 107 82 81 \
56 122 123 96 97 125 100 127 102 119 94 93 68 134 135 108 109 112 139 114 131 \
106 105 80 146 120 121 126 118 117 92 133 104
138 153 148 149 124 129 155 145 144 8 154 136 137 140 116 142 27 152 151 132 1\
8 19 1 147 3 128 150 130 39 15 14 143 30 31 6 7 10 0 12 141 51 26 25 5 42 43 1\
6 17 21 2 23 4 63 38 37 13 54 55 28 29 33 9 35 11 75 50 49 24 66 67 40 41 45 2\
0 47 22 87 62 61 36 78 79 52 53 57 32 59 34 99 74 73 48 90 91 64 65 69 44 71 4\
6 111 86 85 60 102 103 76 77 81 56 83 58 123 98 97 72 114 115 88 89 93 68 95 7\
0 135 110 109 84 126 127 100 101 105 80 107 82 146 122 121 96 139 112 113 117 \
92 119 94 134 133 108 125 104 131 106 120 118
139 133 149 126 125 118 144 120 146 154 138 137 112 130 131 104 151 132 153 13\
4 19 148 147 124 141 142 116 117 14 143 155 145 31 8 7 136 4 150 128 129 25 5 \
27 152 43 18 17 1 11 12 0 140 37 13 39 15 55 30 29 6 22 23 2 3 49 24 51 26 67 \
42 41 16 34 35 9 10 61 36 63 38 79 54 53 28 46 47 20 21 73 48 75 50 91 66 65 4\
0 58 59 32 33 85 60 87 62 103 78 77 52 70 71 44 45 97 72 99 74 115 90 89 64 82\
 83 56 57 109 84 111 86 127 102 101 76 94 95 68 69 121 96 123 98 114 113 88 10\
6 107 80 81 108 135 110 100 119 92 93 122 105
140 148 3 128 150 155 8 154 136 10 0 12 141 27 152 151 18 19 1 147 21 2 23 4 3\
9 15 14 143 30 31 6 7 33 9 35 11 51 26 25 5 42 43 16 17 45 20 47 22 63 38 37 1\
3 54 55 28 29 57 32 59 34 75 50 49 24 66 67 40 41 69 44 71 46 87 62 61 36 78 7\
9 52 53 81 56 83 58 99 74 73 48 90 91 64 65 93 68 95 70 111 86 85 60 102 103 7\
6 77 105 80 107 82 123 98 97 72 114 115 88 89 117 92 119 94 135 110 109 84 126\
 127 100 101 129 104 131 106 146 122 121 96 138 139 112 113 116 142 118 153 13\
4 133 108 149 124 125 130 145 144 120 137 132
141 154 4 150 128 151 19 148 147 11 12 0 140 14 143 155 31 8 7 136 22 23 2 3 2\
5 5 27 152 43 18 17 1 34 35 9 10 37 13 39 15 55 30 29 6 46 47 20 21 49 24 51 2\
6 67 42 41 16 58 59 32 33 61 36 63 38 79 54 53 28 70 71 44 45 73 48 75 50 91 6\
6 65 40 82 83 56 57 85 60 87 62 103 78 77 52 94 95 68 69 97 72 99 74 115 90 89\
 64 106 107 80 81 109 84 111 86 127 102 101 76 118 119 92 93 121 96 123 98 139\
 114 113 88 130 131 104 105 133 108 135 110 149 126 125 100 142 116 117 144 12\
0 146 122 138 137 112 129 132 153 134 124 145
142 137 150 130 129 145 147 124 149 12 141 140 116 152 153 132 7 136 154 138 2\
3 4 3 128 15 155 143 144 17 1 19 148 35 11 10 0 26 27 5 151 29 6 31 8 47 22 21\
 2 38 39 13 14 41 16 43 18 59 34 33 9 50 51 24 25 53 28 55 30 71 46 45 20 62 6\
3 36 37 65 40 67 42 83 58 57 32 74 75 48 49 77 52 79 54 95 70 69 44 86 87 60 6\
1 89 64 91 66 107 82 81 56 98 99 72 73 101 76 103 78 119 94 93 68 110 111 84 8\
5 113 88 115 90 131 106 105 80 122 123 96 97 125 100 127 102 118 117 92 134 13\
5 108 109 112 139 114 104 146 120 121 126 133
143 128 5 151 152 136 0 140 141 13 14 15 155 1 147 148 2 3 4 150 24 25 26 27 6\
 7 8 154 9 10 11 12 36 37 38 39 16 17 18 19 20 21 22 23 48 49 50 51 28 29 30 3\
1 32 33 34 35 60 61 62 63 40 41 42 43 44 45 46 47 72 73 74 75 52 53 54 55 56 5\
7 58 59 84 85 86 87 64 65 66 67 68 69 70 71 96 97 98 99 76 77 78 79 80 81 82 8\
3 108 109 110 111 88 89 90 91 92 93 94 95 120 121 122 123 100 101 102 103 104 \
105 106 107 132 133 134 135 112 113 114 115 116 117 118 119 144 145 146 124 12\
5 126 127 129 130 131 153 137 138 139 142 149
144 130 151 132 153 149 141 142 116 14 143 155 145 154 138 137 4 150 128 129 2\
5 5 27 152 19 148 147 124 11 12 0 140 37 13 39 15 31 8 7 136 22 23 2 3 49 24 5\
1 26 43 18 17 1 34 35 9 10 61 36 63 38 55 30 29 6 46 47 20 21 73 48 75 50 67 4\
2 41 16 58 59 32 33 85 60 87 62 79 54 53 28 70 71 44 45 97 72 99 74 91 66 65 4\
0 82 83 56 57 109 84 111 86 103 78 77 52 94 95 68 69 121 96 123 98 115 90 89 6\
4 106 107 80 81 133 108 135 110 127 102 101 76 118 119 92 93 120 146 122 139 1\
14 113 88 131 104 105 134 126 125 100 117 112
145 142 152 153 132 137 150 130 129 15 155 143 144 147 124 149 12 141 140 116 \
26 27 5 151 7 136 154 138 23 4 3 128 38 39 13 14 17 1 19 148 35 11 10 0 50 51 \
24 25 29 6 31 8 47 22 21 2 62 63 36 37 41 16 43 18 59 34 33 9 74 75 48 49 53 2\
8 55 30 71 46 45 20 86 87 60 61 65 40 67 42 83 58 57 32 98 99 72 73 77 52 79 5\
4 95 70 69 44 110 111 84 85 89 64 91 66 107 82 81 56 122 123 96 97 101 76 103 \
78 119 94 93 68 134 135 108 109 113 88 115 90 131 106 105 80 146 120 121 125 1\
00 127 102 118 117 92 133 112 139 114 104 126
146 117 153 134 133 126 129 104 131 155 145 144 120 138 139 112 140 116 142 11\
8 27 152 151 132 148 149 124 125 3 128 150 130 39 15 14 143 8 154 136 137 10 0\
 12 141 51 26 25 5 18 19 1 147 21 2 23 4 63 38 37 13 30 31 6 7 33 9 35 11 75 5\
0 49 24 42 43 16 17 45 20 47 22 87 62 61 36 54 55 28 29 57 32 59 34 99 74 73 4\
8 66 67 40 41 69 44 71 46 111 86 85 60 78 79 52 53 81 56 83 58 123 98 97 72 90\
 91 64 65 93 68 95 70 135 110 109 84 102 103 76 77 105 80 107 82 122 121 96 11\
4 115 88 89 92 119 94 108 127 100 101 106 113
147 152 7 136 154 150 15 155 143 17 1 19 148 12 141 140 26 27 5 151 29 6 31 8 \
23 4 3 128 38 39 13 14 41 16 43 18 35 11 10 0 50 51 24 25 53 28 55 30 47 22 21\
 2 62 63 36 37 65 40 67 42 59 34 33 9 74 75 48 49 77 52 79 54 71 46 45 20 86 8\
7 60 61 89 64 91 66 83 58 57 32 98 99 72 73 101 76 103 78 95 70 69 44 110 111 \
84 85 113 88 115 90 107 82 81 56 122 123 96 97 125 100 127 102 119 94 93 68 13\
4 135 108 109 137 112 139 114 131 106 105 80 145 146 120 121 124 149 126 142 1\
18 117 92 153 132 133 138 130 129 104 144 116
148 155 8 154 136 140 27 152 151 18 19 1 147 3 128 150 39 15 14 143 30 31 6 7 \
10 0 12 141 51 26 25 5 42 43 16 17 21 2 23 4 63 38 37 13 54 55 28 29 33 9 35 1\
1 75 50 49 24 66 67 40 41 45 20 47 22 87 62 61 36 78 79 52 53 57 32 59 34 99 7\
4 73 48 90 91 64 65 69 44 71 46 111 86 85 60 102 103 76 77 81 56 83 58 123 98 \
97 72 114 115 88 89 93 68 95 70 135 110 109 84 126 127 100 101 105 80 107 82 1\
46 122 121 96 138 139 112 113 117 92 119 94 153 134 133 108 149 124 125 129 10\
4 131 106 145 144 120 137 116 142 118 132 130
149 144 154 138 137 130 151 132 153 19 148 147 124 141 142 116 14 143 155 145 \
31 8 7 136 4 150 128 129 25 5 27 152 43 18 17 1 11 12 0 140 37 13 39 15 55 30 \
29 6 22 23 2 3 49 24 51 26 67 42 41 16 34 35 9 10 61 36 63 38 79 54 53 28 46 4\
7 20 21 73 48 75 50 91 66 65 40 58 59 32 33 85 60 87 62 103 78 77 52 70 71 44 \
45 97 72 99 74 115 90 89 64 82 83 56 57 109 84 111 86 127 102 101 76 94 95 68 \
69 121 96 123 98 139 114 113 88 106 107 80 81 133 108 135 110 126 125 100 118 \
119 92 93 120 146 122 112 131 104 105 134 117
150 147 12 141 140 152 7 136 154 23 4 3 128 15 155 143 17 1 19 148 35 11 10 0 \
26 27 5 151 29 6 31 8 47 22 21 2 38 39 13 14 41 16 43 18 59 34 33 9 50 51 24 2\
5 53 28 55 30 71 46 45 20 62 63 36 37 65 40 67 42 83 58 57 32 74 75 48 49 77 5\
2 79 54 95 70 69 44 86 87 60 61 89 64 91 66 107 82 81 56 98 99 72 73 101 76 10\
3 78 119 94 93 68 110 111 84 85 113 88 115 90 131 106 105 80 122 123 96 97 125\
 100 127 102 142 118 117 92 134 135 108 109 137 112 139 114 130 129 104 145 14\
6 120 121 124 149 126 116 153 132 133 138 144
151 141 14 143 155 154 4 150 128 25 5 27 152 19 148 147 11 12 0 140 37 13 39 1\
5 31 8 7 136 22 23 2 3 49 24 51 26 43 18 17 1 34 35 9 10 61 36 63 38 55 30 29 \
6 46 47 20 21 73 48 75 50 67 42 41 16 58 59 32 33 85 60 87 62 79 54 53 28 70 7\
1 44 45 97 72 99 74 91 66 65 40 82 83 56 57 109 84 111 86 103 78 77 52 94 95 6\
8 69 121 96 123 98 115 90 89 64 106 107 80 81 133 108 135 110 127 102 101 76 1\
18 119 92 93 144 120 146 122 139 114 113 88 130 131 104 105 132 153 134 149 12\
6 125 100 142 116 117 145 138 137 112 129 124
152 150 15 155 143 147 12 141 140 26 27 5 151 7 136 154 23 4 3 128 38 39 13 14\
 17 1 19 148 35 11 10 0 50 51 24 25 29 6 31 8 47 22 21 2 62 63 36 37 41 16 43 \
18 59 34 33 9 74 75 48 49 53 28 55 30 71 46 45 20 86 87 60 61 65 40 67 42 83 5\
8 57 32 98 99 72 73 77 52 79 54 95 70 69 44 110 111 84 85 89 64 91 66 107 82 8\
1 56 122 123 96 97 101 76 103 78 119 94 93 68 134 135 108 109 113 88 115 90 13\
1 106 105 80 145 146 120 121 125 100 127 102 142 118 117 92 153 132 133 137 11\
2 139 114 130 129 104 144 124 149 126 116 138
153 129 155 145 144 138 140 116 142 27 152 151 132 148 149 124 3 128 150 130 3\
9 15 14 143 8 154 136 137 10 0 12 141 51 26 25 5 18 19 1 147 21 2 23 4 63 38 3\
7 13 30 31 6 7 33 9 35 11 75 50 49 24 42 43 16 17 45 20 47 22 87 62 61 36 54 5\
5 28 29 57 32 59 34 99 74 73 48 66 67 40 41 69 44 71 46 111 86 85 60 78 79 52 \
53 81 56 83 58 123 98 97 72 90 91 64 65 93 68 95 70 135 110 109 84 102 103 76 \
77 105 80 107 82 146 122 121 96 114 115 88 89 117 92 119 94 134 133 108 126 12\
7 100 101 104 131 106 120 139 112 113 118 125
154 151 19 148 147 141 14 143 155 31 8 7 136 4 150 128 25 5 27 152 43 18 17 1 \
11 12 0 140 37 13 39 15 55 30 29 6 22 23 2 3 49 24 51 26 67 42 41 16 34 35 9 1\
0 61 36 63 38 79 54 53 28 46 47 20 21 73 48 75 50 91 66 65 40 58 59 32 33 85 6\
0 87 62 103 78 77 52 70 71 44 45 97 72 99 74 115 90 89 64 82 83 56 57 109 84 1\
11 86 127 102 101 76 94 95 68 69 121 96 123 98 139 114 113 88 106 107 80 81 13\
3 108 135 110 149 126 125 100 118 119 92 93 144 120 146 122 138 137 112 130 13\
1 104 105 132 153 134 124 142 116 117 145 129
155 140 27 152 151 148 3 128 150 39 15 14 143 8 154 136 10 0 12 141 51 26 25 5\
 18 19 1 147 21 2 23 4 63 38 37 13 30 31 6 7 33 9 35 11 75 50 49 24 42 43 16 1\
7 45 20 47 22 87 62 61 36 54 55 28 29 57 32 59 34 99 74 73 48 66 67 40 41 69 4\
4 71 46 111 86 85 60 78 79 52 53 81 56 83 58 123 98 97 72 90 91 64 65 93 68 95\
 70 135 110 109 84 102 103 76 77 105 80 107 82 146 122 121 96 114 115 88 89 11\
7 92 119 94 153 134 133 108 126 127 100 101 129 104 131 106 145 144 120 138 13\
9 112 113 116 142 118 132 149 124 125 130 137
