30
C5 x S3
1 2 5 3 10 2 5 15 3 10 10 2 5 15 15 10 10 10 5 15 15 10 10 10 15 15 10 10 15 1\
0
0 1 18 8 21 5 12 28 3 15 26 11 6 25 24 9 22 29 2 20 19 4 16 27 14 13 10 23 7 1\
7
0 1 2 3 4 5 6 7 8 9 10 11 12 13 14 15 16 17 18 19 20 21 22 23 24 25 26 27 28 2\
9
1 0 4 5 2 3 9 10 11 6 7 8 15 16 17 12 13 14 21 22 23 18 19 20 26 27 24 25 29 2\
8
2 4 6 7 9 10 12 13 14 15 16 17 18 19 20 21 22 23 0 24 25 1 26 27 3 28 5 29 8 1\
1
3 11 7 8 17 1 13 14 0 23 4 5 19 20 2 27 9 10 24 25 6 29 15 16 28 12 21 22 18 2\
6
4 2 9 10 6 7 15 16 17 12 13 14 21 22 23 18 19 20 1 26 27 0 24 25 5 29 3 28 11 \
8
5 8 10 11 14 0 16 17 1 20 2 3 22 23 4 25 6 7 26 27 9 28 12 13 29 15 18 19 21 2\
4
6 9 12 13 15 16 18 19 20 21 22 23 0 24 25 1 26 27 2 3 28 4 5 29 7 8 10 11 14 1\
7
7 17 13 14 23 4 19 20 2 27 9 10 24 25 6 29 15 16 3 28 12 11 21 22 8 18 1 26 0 \
5
8 5 14 0 10 11 20 2 3 16 17 1 25 6 7 22 23 4 28 12 13 26 27 9 18 19 29 15 24 2\
1
9 6 15 16 12 13 21 22 23 18 19 20 1 26 27 0 24 25 4 5 29 2 3 28 10 11 7 8 17 1\
4
10 14 16 17 20 2 22 23 4 25 6 7 26 27 9 28 12 13 5 29 15 8 18 19 11 21 0 24 1 \
3
11 3 17 1 7 8 23 4 5 13 14 0 27 9 10 19 20 2 29 15 16 24 25 6 21 22 28 12 26 1\
8
12 15 18 19 21 22 0 24 25 1 26 27 2 3 28 4 5 29 6 7 8 9 10 11 13 14 16 17 20 2\
3
13 23 19 20 27 9 24 25 6 29 15 16 3 28 12 11 21 22 7 8 18 17 1 26 14 0 4 5 2 1\
0
14 10 20 2 16 17 25 6 7 22 23 4 28 12 13 26 27 9 8 18 19 5 29 15 0 24 11 21 3 \
1
15 12 21 22 18 19 1 26 27 0 24 25 4 5 29 2 3 28 9 10 11 6 7 8 16 17 13 14 23 2\
0
16 20 22 23 25 6 26 27 9 28 12 13 5 29 15 8 18 19 10 11 21 14 0 24 17 1 2 3 4 \
7
17 7 23 4 13 14 27 9 10 19 20 2 29 15 16 24 25 6 11 21 22 3 28 12 1 26 8 18 5 \
0
18 21 0 24 1 26 2 3 28 4 5 29 6 7 8 9 10 11 12 13 14 15 16 17 19 20 22 23 25 2\
7
19 27 24 25 29 15 3 28 12 11 21 22 7 8 18 17 1 26 13 14 0 23 4 5 20 2 9 10 6 1\
6
20 16 25 6 22 23 28 12 13 26 27 9 8 18 19 5 29 15 14 0 24 10 11 21 2 3 17 1 7 \
4
21 18 1 26 0 24 4 5 29 2 3 28 9 10 11 6 7 8 15 16 17 12 13 14 22 23 19 20 27 2\
5
22 25 26 27 28 12 5 29 15 8 18 19 10 11 21 14 0 24 16 17 1 20 2 3 23 4 6 7 9 1\
3
23 13 27 9 19 20 29 15 16 24 25 6 11 21 22 3 28 12 17 1 26 7 8 18 4 5 14 0 10 \
2
24 29 3 28 11 21 7 8 18 17 1 26 13 14 0 23 4 5 19 20 2 27 9 10 25 6 15 16 12 2\
2
25 22 28 12 26 27 8 18 19 5 29 15 14 0 24 10 11 21 20 2 3 16 17 1 6 7 23 4 13 \
9
26 28 5 29 8 18 10 11 21 14 0 24 16 17 1 20 2 3 22 23 4 25 6 7 27 9 12 13 15 1\
9
27 19 29 15 24 25 11 21 22 3 28 12 17 1 26 7 8 18 23 4 5 13 14 0 9 10 20 2 16 \
6
28 26 8 18 5 29 14 0 24 10 11 21 20 2 3 16 17 1 25 6 7 22 23 4 12 13 27 9 19 1\
5
29 24 11 21 3 28 17 1 26 7 8 18 23 4 5 13 14 0 27 9 10 19 20 2 15 16 25 6 22 1\
2
